_RWS.wa := rec(
        isFSA := true,
        alphabet := rec(
                type := "product", 
                size := 80,
                arity := 2,
                padding := _,
                base := rec( 
                type := "identifiers",
                size := 8, 
                format := "dense",
                names := [a,A,b,B,c,C,t0,T0]
                ) 
                ),
        states := rec(
        type :="labeled",
        size := 220,
        labels := rec( 
                type := "list of words",
                size := 1,
                alphabet := [a,A,b,B,c,C,t0,T0],
                format := "sparse",
                names := [ 
                [1,[IdWord]],
                [2,[A]],
                [3,[a]],
                [4,[B]],
                [5,[b]],
                [6,[C]],
                [7,[c]],
                [8,[T0]],
                [9,[t0]]
                ]
                ),
                format := "sparse",
                setToLabels := [ 
                [220,3]
                ]
                ),
        flags := ["DFA"],
        initial := 1,
        accepting := [220],
        table := rec(
        format := "dense deterministic",
        numTransitions := 2316,
        transitions := 
[        [108, 0, 0, 0, 0, 0, 0, 0, 0, 0, 48, 67, 32, 40, 130, 173, 176, 220, 180, 0, 168, 0, 0, 0, 0, 0, 0, 198, 0, 0, 146, 64, 141, 172, 175, 0, 196, 0, 191, 0, 57, 0, 0, 0, 0, 207, 0, 189, 0, 0, 44, 0, 0, 0, 214, 0, 215, 0, 0, 0, 174, 0, 0, 216, 0, 217, 0, 0, 0, 0, 114, 0, 220, 0, 0, 0, 0, 0, 0, 0],
        [0, 0, 0, 0, 0, 0, 0, 0, 0, 0, 2, 15, 0, 40, 0, 173, 176, 220, 0, 0, 168, 0, 0, 0, 0, 0, 0, 0, 0, 0, 0, 0, 0, 0, 0, 0, 0, 0, 191, 0, 57, 0, 0, 0, 0, 0, 0, 189, 0, 0, 56, 0, 0, 0, 0, 0, 215, 0, 0, 0, 174, 0, 0, 0, 0, 217, 0, 0, 0, 0, 114, 0, 0, 0, 0, 0, 0, 0, 0, 0],
        [3, 0, 0, 0, 0, 0, 0, 0, 0, 0, 0, 0, 0, 0, 0, 0, 0, 0, 180, 0, 166, 0, 0, 0, 0, 0, 0, 198, 0, 0, 160, 0, 141, 172, 175, 0, 0, 0, 0, 0, 0, 0, 0, 0, 0, 209, 0, 189, 0, 0, 44, 0, 0, 0, 214, 0, 215, 0, 0, 0, 174, 0, 0, 216, 0, 217, 0, 0, 0, 0, 114, 0, 220, 0, 0, 0, 0, 0, 0, 0],
        [17, 0, 0, 0, 0, 0, 0, 0, 0, 0, 135, 0, 0, 40, 130, 173, 176, 220, 0, 0, 0, 0, 0, 0, 0, 0, 0, 200, 0, 0, 169, 150, 0, 172, 175, 0, 196, 0, 0, 0, 7, 0, 0, 0, 0, 207, 0, 0, 0, 0, 9, 0, 0, 0, 214, 0, 0, 0, 0, 0, 174, 0, 0, 216, 0, 0, 0, 0, 0, 0, 114, 0, 220, 0, 0, 0, 0, 0, 0, 0],
        [19, 0, 0, 0, 0, 0, 0, 0, 0, 0, 0, 0, 0, 0, 0, 0, 0, 0, 180, 0, 165, 0, 0, 0, 0, 0, 0, 201, 0, 0, 161, 0, 141, 172, 175, 0, 0, 0, 0, 0, 0, 0, 0, 0, 0, 209, 0, 189, 0, 0, 44, 0, 0, 0, 214, 0, 215, 0, 0, 0, 174, 0, 0, 216, 0, 217, 0, 0, 0, 0, 114, 0, 220, 0, 0, 0, 0, 0, 0, 0],
        [0, 0, 0, 0, 0, 0, 0, 0, 0, 0, 0, 0, 0, 0, 0, 0, 0, 0, 0, 0, 99, 0, 0, 0, 0, 0, 0, 0, 0, 0, 97, 151, 0, 172, 175, 0, 0, 0, 0, 0, 62, 0, 0, 0, 0, 0, 0, 0, 0, 0, 0, 0, 0, 0, 0, 0, 215, 0, 0, 0, 174, 0, 0, 0, 0, 217, 0, 0, 0, 0, 114, 0, 0, 0, 0, 0, 0, 0, 0, 0],
        [78, 0, 0, 0, 0, 0, 0, 0, 0, 0, 53, 0, 32, 138, 0, 173, 176, 220, 0, 0, 0, 0, 0, 0, 0, 0, 0, 198, 0, 0, 96, 0, 0, 172, 175, 0, 0, 0, 0, 0, 7, 0, 0, 0, 0, 0, 0, 0, 0, 0, 0, 0, 0, 0, 214, 0, 0, 0, 0, 0, 174, 0, 0, 216, 0, 0, 0, 0, 0, 0, 114, 0, 220, 0, 0, 0, 0, 0, 0, 0],
        [5, 0, 0, 0, 0, 0, 0, 0, 0, 0, 27, 67, 0, 0, 0, 173, 176, 220, 180, 0, 59, 0, 0, 0, 0, 0, 0, 0, 0, 0, 0, 0, 0, 0, 0, 0, 0, 0, 0, 0, 0, 0, 0, 0, 0, 209, 0, 0, 0, 0, 8, 0, 0, 0, 214, 0, 215, 0, 0, 0, 174, 0, 0, 216, 0, 217, 0, 0, 0, 0, 114, 0, 220, 0, 0, 0, 0, 0, 0, 0],
        [126, 0, 0, 0, 0, 0, 0, 0, 0, 0, 24, 0, 0, 0, 0, 173, 176, 220, 0, 0, 0, 0, 0, 0, 0, 0, 0, 0, 0, 0, 0, 0, 0, 0, 0, 0, 0, 0, 0, 0, 0, 0, 0, 0, 0, 209, 0, 0, 0, 0, 45, 0, 0, 0, 214, 0, 0, 0, 0, 0, 174, 0, 0, 216, 0, 0, 0, 0, 0, 0, 114, 0, 220, 0, 0, 0, 0, 0, 0, 0],
        [0, 0, 10, 0, 0, 0, 0, 0, 0, 0, 0, 0, 0, 0, 0, 0, 0, 0, 0, 0, 15, 0, 40, 130, 173, 176, 220, 0, 0, 0, 0, 0, 0, 0, 0, 0, 0, 0, 0, 0, 0, 0, 0, 0, 0, 0, 0, 0, 0, 0, 0, 0, 0, 0, 0, 0, 0, 0, 0, 0, 0, 0, 0, 0, 0, 0, 0, 0, 0, 0, 0, 0, 0, 0, 0, 0, 0, 0, 0, 0],
        [0, 0, 10, 0, 0, 0, 0, 0, 0, 0, 0, 0, 0, 0, 0, 0, 0, 0, 0, 0, 0, 0, 0, 0, 0, 0, 0, 0, 0, 0, 0, 0, 0, 0, 0, 0, 0, 0, 0, 0, 0, 0, 0, 0, 0, 0, 0, 0, 0, 0, 0, 0, 0, 0, 0, 0, 0, 0, 0, 0, 0, 0, 0, 0, 0, 0, 0, 0, 0, 0, 0, 0, 0, 0, 0, 0, 0, 0, 0, 0],
        [0, 0, 0, 0, 0, 0, 0, 0, 0, 0, 0, 0, 12, 0, 0, 0, 0, 0, 0, 0, 0, 0, 40, 130, 173, 176, 220, 0, 0, 0, 0, 0, 0, 0, 0, 0, 0, 0, 0, 0, 0, 0, 0, 0, 0, 0, 0, 0, 0, 0, 0, 0, 0, 0, 0, 0, 0, 0, 0, 0, 0, 0, 0, 0, 0, 0, 0, 0, 0, 0, 0, 0, 0, 0, 0, 0, 0, 0, 0, 0],
        [11, 0, 0, 0, 64, 141, 172, 175, 0, 0, 0, 0, 0, 0, 0, 0, 0, 0, 13, 0, 0, 0, 0, 0, 0, 0, 0, 0, 0, 0, 0, 0, 0, 0, 0, 0, 0, 0, 0, 0, 0, 0, 0, 0, 0, 0, 0, 0, 0, 0, 0, 0, 0, 0, 0, 0, 0, 0, 0, 0, 0, 0, 0, 0, 0, 0, 0, 0, 0, 0, 0, 0, 0, 0, 0, 0, 0, 0, 0, 0],
        [0, 0, 10, 0, 0, 0, 0, 0, 0, 0, 0, 0, 12, 0, 0, 0, 0, 0, 0, 0, 0, 0, 0, 0, 0, 0, 0, 0, 0, 0, 0, 0, 0, 0, 0, 0, 0, 0, 0, 0, 0, 0, 0, 0, 0, 0, 0, 0, 0, 0, 0, 0, 0, 0, 0, 0, 0, 0, 0, 0, 0, 0, 0, 0, 0, 0, 0, 0, 0, 0, 0, 0, 0, 0, 0, 0, 0, 0, 0, 0],
        [0, 0, 0, 0, 0, 0, 0, 0, 0, 0, 0, 0, 0, 0, 0, 0, 0, 0, 13, 0, 0, 0, 0, 0, 0, 0, 0, 0, 0, 0, 0, 0, 0, 0, 0, 0, 0, 0, 0, 0, 0, 0, 0, 0, 0, 0, 0, 0, 0, 0, 0, 0, 0, 0, 0, 0, 0, 0, 0, 0, 0, 0, 0, 0, 0, 0, 0, 0, 0, 0, 0, 0, 0, 0, 0, 0, 0, 0, 0, 0],
        [0, 0, 0, 0, 0, 0, 0, 0, 0, 0, 163, 0, 0, 40, 130, 173, 176, 220, 0, 0, 16, 0, 0, 0, 0, 0, 0, 0, 0, 0, 0, 0, 0, 0, 0, 0, 0, 0, 191, 0, 57, 0, 0, 0, 0, 0, 0, 193, 0, 0, 8, 0, 0, 0, 0, 0, 215, 0, 0, 0, 174, 0, 0, 0, 0, 217, 0, 0, 0, 0, 114, 0, 0, 0, 0, 0, 0, 0, 0, 0],
        [17, 0, 0, 0, 0, 0, 0, 0, 0, 0, 0, 0, 0, 0, 0, 0, 0, 0, 0, 0, 0, 0, 0, 0, 0, 0, 0, 200, 0, 0, 146, 64, 141, 172, 175, 0, 196, 0, 0, 0, 57, 0, 0, 0, 0, 207, 0, 0, 0, 0, 44, 0, 0, 0, 214, 0, 0, 0, 0, 0, 174, 0, 0, 216, 0, 0, 0, 0, 0, 0, 114, 0, 220, 0, 0, 0, 0, 0, 0, 0],
        [0, 0, 0, 0, 0, 0, 0, 0, 0, 0, 91, 67, 32, 0, 0, 173, 176, 220, 0, 0, 112, 0, 0, 0, 0, 0, 0, 0, 0, 0, 4, 0, 0, 172, 175, 0, 0, 0, 0, 0, 0, 0, 0, 0, 0, 0, 0, 0, 0, 0, 0, 0, 0, 0, 0, 0, 215, 0, 0, 0, 174, 0, 0, 0, 0, 217, 0, 0, 0, 0, 114, 0, 0, 0, 0, 0, 0, 0, 0, 0],
        [19, 0, 0, 0, 0, 0, 0, 0, 0, 0, 0, 0, 0, 0, 0, 0, 0, 0, 180, 0, 166, 0, 0, 0, 0, 0, 0, 201, 0, 0, 161, 0, 141, 172, 175, 0, 0, 0, 0, 0, 0, 0, 0, 0, 0, 209, 0, 189, 0, 0, 44, 0, 0, 0, 214, 0, 215, 0, 0, 0, 174, 0, 0, 216, 0, 217, 0, 0, 0, 0, 114, 0, 220, 0, 0, 0, 0, 0, 0, 0],
        [0, 0, 0, 0, 0, 0, 0, 0, 0, 0, 25, 0, 0, 137, 0, 173, 176, 220, 0, 0, 0, 0, 0, 0, 0, 0, 0, 0, 0, 0, 0, 0, 0, 0, 0, 0, 0, 0, 0, 0, 58, 0, 0, 0, 0, 0, 0, 0, 0, 0, 61, 0, 0, 0, 0, 0, 0, 0, 0, 0, 174, 0, 0, 0, 0, 0, 0, 0, 0, 0, 114, 0, 0, 0, 0, 0, 0, 0, 0, 0],
        [0, 0, 0, 0, 0, 0, 0, 0, 0, 0, 21, 66, 32, 0, 0, 173, 176, 220, 0, 0, 167, 0, 0, 0, 0, 0, 0, 0, 0, 0, 160, 0, 141, 172, 175, 0, 0, 0, 0, 0, 0, 0, 0, 0, 0, 0, 0, 189, 0, 0, 61, 0, 0, 0, 0, 0, 215, 0, 0, 0, 174, 0, 0, 0, 0, 217, 0, 0, 0, 0, 114, 0, 0, 0, 0, 0, 0, 0, 0, 0],
        [0, 0, 0, 0, 0, 0, 0, 0, 0, 0, 135, 0, 0, 40, 130, 173, 176, 220, 0, 0, 0, 0, 0, 0, 0, 0, 0, 0, 0, 0, 170, 150, 0, 172, 175, 0, 0, 0, 0, 0, 7, 0, 0, 0, 0, 0, 0, 0, 0, 0, 9, 0, 0, 0, 0, 0, 0, 0, 0, 0, 174, 0, 0, 0, 0, 0, 0, 0, 0, 0, 114, 0, 0, 0, 0, 0, 0, 0, 0, 0],
        [0, 0, 0, 0, 0, 0, 0, 0, 0, 0, 0, 0, 0, 0, 0, 0, 0, 0, 0, 0, 0, 0, 0, 0, 0, 0, 0, 0, 0, 0, 75, 64, 0, 172, 175, 0, 0, 0, 0, 0, 57, 0, 0, 0, 0, 0, 0, 0, 0, 0, 162, 0, 0, 0, 0, 0, 0, 0, 0, 0, 174, 0, 0, 0, 0, 0, 0, 0, 0, 0, 114, 0, 0, 0, 0, 0, 0, 0, 0, 0],
        [0, 0, 0, 0, 0, 0, 0, 0, 0, 0, 28, 66, 0, 0, 0, 173, 176, 220, 0, 0, 89, 0, 0, 0, 0, 0, 0, 0, 0, 0, 76, 0, 0, 172, 175, 0, 0, 0, 0, 0, 0, 0, 0, 0, 0, 0, 0, 0, 0, 0, 0, 0, 0, 0, 0, 0, 215, 0, 0, 0, 174, 0, 0, 0, 0, 217, 0, 0, 0, 0, 114, 0, 0, 0, 0, 0, 0, 0, 0, 0],
        [0, 0, 0, 0, 0, 0, 0, 0, 0, 0, 25, 0, 0, 137, 0, 173, 176, 220, 0, 0, 0, 0, 0, 0, 0, 0, 0, 0, 0, 0, 144, 64, 141, 172, 175, 0, 0, 0, 0, 0, 58, 0, 0, 0, 0, 0, 0, 0, 0, 0, 56, 0, 0, 0, 0, 0, 0, 0, 0, 0, 174, 0, 0, 0, 0, 0, 0, 0, 0, 0, 114, 0, 0, 0, 0, 0, 0, 0, 0, 0],
        [0, 0, 0, 0, 0, 0, 0, 0, 0, 0, 21, 66, 32, 0, 0, 173, 176, 220, 0, 0, 89, 0, 0, 0, 0, 0, 0, 0, 0, 0, 22, 0, 0, 172, 175, 0, 0, 0, 0, 0, 0, 0, 0, 0, 0, 0, 0, 0, 0, 0, 0, 0, 0, 0, 0, 0, 215, 0, 0, 0, 174, 0, 0, 0, 0, 217, 0, 0, 0, 0, 114, 0, 0, 0, 0, 0, 0, 0, 0, 0],
        [0, 0, 0, 0, 0, 0, 0, 0, 0, 0, 92, 67, 0, 0, 0, 173, 176, 220, 0, 0, 112, 0, 0, 0, 0, 0, 0, 0, 0, 0, 72, 0, 0, 172, 175, 0, 0, 0, 0, 0, 0, 0, 0, 0, 0, 0, 0, 0, 0, 0, 0, 0, 0, 0, 0, 0, 215, 0, 0, 0, 174, 0, 0, 0, 0, 217, 0, 0, 0, 0, 114, 0, 0, 0, 0, 0, 0, 0, 0, 0],
        [0, 0, 0, 0, 0, 0, 0, 0, 0, 0, 28, 66, 0, 0, 0, 173, 176, 220, 0, 0, 167, 0, 0, 0, 0, 0, 0, 0, 0, 0, 147, 0, 141, 172, 175, 0, 0, 0, 0, 0, 0, 0, 0, 0, 0, 0, 0, 189, 0, 0, 61, 0, 0, 0, 0, 0, 215, 0, 0, 0, 174, 0, 0, 0, 0, 217, 0, 0, 0, 0, 114, 0, 0, 0, 0, 0, 0, 0, 0, 0],
        [0, 0, 0, 0, 0, 0, 0, 0, 0, 0, 0, 0, 0, 0, 0, 0, 0, 0, 0, 0, 0, 0, 0, 0, 0, 0, 0, 0, 0, 0, 32, 40, 130, 173, 176, 220, 0, 0, 0, 0, 0, 0, 0, 0, 0, 0, 0, 0, 0, 0, 0, 0, 0, 0, 0, 0, 0, 0, 0, 0, 0, 0, 0, 0, 0, 0, 0, 0, 0, 0, 0, 0, 0, 0, 0, 0, 0, 0, 0, 0],
        [0, 0, 0, 0, 0, 0, 0, 0, 0, 0, 0, 0, 29, 0, 0, 0, 0, 0, 0, 0, 0, 0, 0, 0, 0, 0, 0, 0, 0, 0, 0, 0, 0, 0, 0, 0, 0, 0, 0, 0, 0, 0, 0, 0, 0, 0, 0, 0, 0, 0, 0, 0, 0, 0, 0, 0, 0, 0, 0, 0, 0, 0, 0, 0, 0, 0, 0, 0, 0, 0, 0, 0, 0, 0, 0, 0, 0, 0, 0, 0],
        [0, 0, 0, 0, 0, 0, 0, 0, 0, 0, 30, 0, 0, 64, 141, 172, 175, 0, 0, 0, 0, 0, 0, 0, 0, 0, 0, 0, 0, 0, 0, 0, 0, 0, 0, 0, 0, 0, 0, 0, 0, 0, 0, 0, 0, 0, 0, 0, 0, 0, 0, 0, 0, 0, 0, 0, 0, 0, 0, 0, 0, 0, 0, 0, 0, 0, 0, 0, 0, 0, 0, 0, 0, 0, 0, 0, 0, 0, 0, 0],
        [0, 0, 0, 0, 0, 0, 0, 0, 0, 0, 0, 0, 0, 0, 0, 0, 0, 0, 0, 0, 0, 0, 0, 0, 0, 0, 0, 0, 31, 0, 0, 0, 0, 0, 0, 0, 0, 0, 0, 0, 0, 0, 0, 0, 0, 0, 0, 0, 0, 0, 0, 0, 0, 0, 0, 0, 0, 0, 0, 0, 0, 0, 0, 0, 0, 0, 0, 0, 0, 0, 0, 0, 0, 0, 0, 0, 0, 0, 0, 0],
        [0, 0, 0, 0, 0, 0, 0, 0, 0, 0, 0, 0, 0, 0, 0, 0, 0, 0, 0, 0, 0, 0, 33, 0, 0, 0, 0, 0, 0, 0, 0, 0, 0, 0, 0, 0, 14, 30, 0, 0, 151, 0, 172, 175, 0, 0, 0, 0, 0, 0, 0, 0, 0, 0, 0, 0, 0, 0, 0, 0, 0, 0, 0, 0, 0, 0, 0, 0, 0, 0, 0, 0, 0, 0, 0, 0, 0, 0, 0, 0],
        [0, 0, 0, 0, 0, 0, 0, 0, 0, 0, 0, 0, 0, 0, 0, 0, 0, 0, 0, 0, 0, 0, 33, 0, 0, 0, 0, 0, 0, 0, 0, 0, 35, 0, 0, 0, 0, 0, 0, 0, 0, 0, 0, 0, 0, 0, 0, 0, 0, 0, 0, 0, 0, 0, 0, 0, 0, 0, 0, 0, 0, 0, 0, 0, 0, 0, 0, 0, 0, 0, 0, 0, 0, 0, 0, 0, 0, 0, 0, 0],
        [0, 0, 0, 0, 0, 0, 0, 0, 0, 0, 0, 0, 0, 0, 0, 0, 0, 0, 0, 0, 0, 0, 0, 0, 0, 0, 0, 0, 0, 0, 0, 0, 35, 0, 0, 0, 14, 30, 0, 0, 0, 0, 172, 175, 0, 0, 0, 0, 0, 0, 0, 0, 0, 0, 0, 0, 0, 0, 0, 0, 0, 0, 0, 0, 0, 0, 0, 0, 0, 0, 0, 0, 0, 0, 0, 0, 0, 0, 0, 0],
        [0, 0, 34, 129, 0, 0, 0, 0, 0, 0, 0, 0, 0, 0, 0, 0, 0, 0, 0, 0, 0, 0, 0, 0, 0, 0, 0, 0, 0, 0, 0, 0, 0, 0, 0, 0, 0, 0, 0, 0, 0, 0, 0, 0, 0, 0, 36, 0, 0, 0, 0, 0, 0, 0, 0, 0, 0, 0, 0, 0, 0, 0, 0, 0, 0, 0, 0, 0, 0, 0, 0, 0, 0, 0, 0, 0, 0, 0, 0, 0],
        [0, 0, 0, 0, 0, 0, 0, 0, 0, 0, 140, 34, 129, 0, 0, 0, 0, 0, 0, 0, 0, 0, 0, 0, 0, 0, 0, 0, 0, 0, 0, 0, 0, 0, 0, 0, 0, 0, 0, 0, 0, 0, 0, 0, 0, 0, 0, 0, 0, 0, 0, 0, 0, 0, 0, 0, 0, 0, 0, 0, 0, 0, 0, 0, 0, 0, 0, 0, 0, 0, 0, 0, 0, 0, 0, 0, 0, 0, 0, 0],
        [0, 0, 0, 0, 0, 0, 0, 0, 0, 0, 0, 0, 0, 0, 0, 0, 0, 0, 83, 140, 39, 0, 0, 0, 0, 0, 0, 0, 0, 0, 0, 0, 0, 0, 0, 0, 0, 0, 38, 0, 0, 0, 0, 0, 0, 0, 0, 0, 0, 0, 0, 0, 0, 0, 0, 0, 0, 0, 0, 0, 0, 0, 0, 0, 0, 0, 0, 0, 0, 0, 0, 0, 0, 0, 0, 0, 0, 0, 0, 0],
        [0, 0, 0, 0, 0, 0, 0, 0, 0, 0, 0, 0, 0, 0, 0, 0, 0, 0, 0, 0, 0, 0, 33, 0, 0, 0, 0, 0, 0, 0, 0, 0, 0, 0, 0, 0, 0, 0, 0, 0, 0, 0, 0, 0, 0, 0, 0, 0, 0, 0, 0, 0, 0, 0, 0, 0, 0, 0, 0, 0, 0, 0, 0, 0, 0, 0, 0, 0, 0, 0, 0, 0, 0, 0, 0, 0, 0, 0, 0, 0],
        [0, 0, 0, 0, 0, 0, 0, 0, 0, 0, 0, 0, 0, 0, 0, 0, 0, 0, 0, 0, 0, 0, 0, 0, 0, 0, 0, 0, 0, 0, 0, 0, 0, 0, 0, 0, 41, 0, 0, 0, 0, 0, 0, 0, 0, 0, 36, 0, 0, 0, 0, 0, 0, 0, 0, 0, 0, 0, 0, 0, 0, 0, 0, 0, 0, 0, 0, 0, 0, 0, 0, 0, 0, 0, 0, 0, 0, 0, 0, 0],
        [81, 0, 34, 129, 0, 0, 0, 0, 0, 0, 0, 0, 0, 0, 0, 0, 0, 0, 0, 0, 0, 0, 0, 0, 0, 0, 0, 0, 0, 0, 0, 0, 0, 0, 0, 0, 41, 0, 0, 0, 0, 0, 0, 0, 0, 0, 0, 0, 0, 0, 0, 0, 0, 0, 0, 0, 0, 0, 0, 0, 0, 0, 0, 0, 0, 0, 0, 0, 0, 0, 0, 0, 0, 0, 0, 0, 0, 0, 0, 0],
        [0, 0, 0, 0, 0, 0, 0, 0, 0, 0, 42, 15, 0, 137, 0, 173, 176, 220, 0, 0, 168, 0, 0, 0, 0, 0, 0, 0, 0, 0, 0, 0, 0, 0, 0, 0, 0, 0, 191, 0, 58, 0, 0, 0, 0, 0, 0, 189, 0, 0, 56, 0, 0, 0, 0, 0, 215, 0, 0, 0, 174, 0, 0, 0, 0, 217, 0, 0, 0, 0, 114, 0, 0, 0, 0, 0, 0, 0, 0, 0],
        [102, 0, 0, 0, 0, 0, 0, 0, 0, 0, 20, 0, 0, 0, 0, 173, 176, 220, 0, 0, 0, 0, 0, 0, 0, 0, 0, 200, 0, 0, 103, 0, 0, 172, 175, 0, 0, 0, 0, 0, 0, 0, 0, 0, 0, 0, 0, 0, 0, 0, 0, 0, 0, 0, 214, 0, 0, 0, 0, 0, 174, 0, 0, 216, 0, 0, 0, 0, 0, 0, 114, 0, 220, 0, 0, 0, 0, 0, 0, 0],
        [3, 0, 0, 0, 0, 0, 0, 0, 0, 0, 18, 67, 32, 0, 0, 173, 176, 220, 180, 0, 164, 0, 0, 0, 0, 0, 0, 198, 0, 0, 43, 0, 0, 172, 175, 0, 0, 0, 0, 0, 0, 0, 0, 0, 0, 209, 0, 192, 0, 0, 44, 0, 0, 0, 214, 0, 215, 0, 0, 0, 174, 0, 0, 216, 0, 217, 0, 0, 0, 0, 114, 0, 220, 0, 0, 0, 0, 0, 0, 0],
        [124, 0, 0, 0, 0, 0, 0, 0, 0, 0, 26, 0, 32, 0, 0, 173, 176, 220, 0, 0, 0, 0, 0, 0, 0, 0, 0, 198, 0, 0, 43, 0, 0, 172, 175, 0, 0, 0, 0, 0, 0, 0, 0, 0, 0, 209, 0, 0, 0, 0, 45, 0, 0, 0, 214, 0, 0, 0, 0, 0, 174, 0, 0, 216, 0, 0, 0, 0, 0, 0, 114, 0, 220, 0, 0, 0, 0, 0, 0, 0],
        [119, 0, 0, 0, 0, 0, 0, 0, 0, 0, 54, 67, 0, 138, 0, 173, 176, 220, 180, 0, 99, 0, 0, 0, 0, 0, 0, 0, 0, 0, 0, 0, 0, 0, 0, 0, 0, 0, 0, 0, 46, 0, 0, 0, 0, 0, 0, 0, 0, 0, 0, 0, 0, 0, 214, 0, 215, 0, 0, 0, 174, 0, 0, 216, 0, 217, 0, 0, 0, 0, 114, 0, 220, 0, 0, 0, 0, 0, 0, 0],
        [77, 0, 0, 0, 0, 0, 0, 0, 0, 0, 51, 0, 0, 138, 0, 173, 176, 220, 0, 0, 0, 0, 0, 0, 0, 0, 0, 0, 0, 0, 0, 0, 0, 0, 0, 0, 0, 0, 0, 0, 46, 0, 0, 0, 0, 0, 0, 0, 0, 0, 0, 0, 0, 0, 214, 0, 0, 0, 0, 0, 174, 0, 0, 216, 0, 0, 0, 0, 0, 0, 114, 0, 220, 0, 0, 0, 0, 0, 0, 0],
        [0, 0, 0, 0, 0, 0, 0, 0, 0, 0, 48, 67, 32, 40, 130, 173, 176, 220, 0, 0, 168, 0, 0, 0, 0, 0, 0, 0, 0, 0, 146, 64, 141, 172, 175, 0, 0, 0, 191, 0, 57, 0, 0, 0, 0, 0, 0, 189, 0, 0, 44, 0, 0, 0, 0, 0, 215, 0, 0, 0, 174, 0, 0, 0, 0, 217, 0, 0, 0, 0, 114, 0, 0, 0, 0, 0, 0, 0, 0, 0],
        [0, 0, 0, 0, 0, 0, 0, 0, 0, 0, 52, 0, 0, 40, 0, 173, 176, 220, 0, 0, 0, 0, 0, 0, 0, 0, 0, 0, 0, 0, 0, 0, 0, 0, 0, 0, 0, 0, 0, 0, 57, 0, 0, 0, 0, 0, 0, 0, 0, 0, 56, 0, 0, 0, 0, 0, 0, 0, 0, 0, 174, 0, 0, 0, 0, 0, 0, 0, 0, 0, 114, 0, 0, 0, 0, 0, 0, 0, 0, 0],
        [0, 0, 0, 0, 0, 0, 0, 0, 0, 0, 50, 66, 32, 138, 0, 173, 176, 220, 0, 0, 107, 0, 0, 0, 0, 0, 0, 0, 0, 0, 70, 64, 0, 172, 175, 0, 0, 0, 191, 0, 57, 0, 0, 0, 0, 0, 0, 0, 0, 0, 0, 0, 0, 0, 0, 0, 215, 0, 0, 0, 174, 0, 0, 0, 0, 217, 0, 0, 0, 0, 114, 0, 0, 0, 0, 0, 0, 0, 0, 0],
        [0, 0, 0, 0, 0, 0, 0, 0, 0, 0, 55, 66, 0, 138, 0, 173, 176, 220, 0, 0, 107, 0, 0, 0, 0, 0, 0, 0, 0, 0, 23, 64, 0, 172, 175, 0, 0, 0, 191, 0, 57, 0, 0, 0, 0, 0, 0, 0, 0, 0, 0, 0, 0, 0, 0, 0, 215, 0, 0, 0, 174, 0, 0, 0, 0, 217, 0, 0, 0, 0, 114, 0, 0, 0, 0, 0, 0, 0, 0, 0],
        [0, 0, 0, 0, 0, 0, 0, 0, 0, 0, 52, 0, 0, 40, 0, 173, 176, 220, 0, 0, 0, 0, 0, 0, 0, 0, 0, 0, 0, 0, 144, 64, 141, 172, 175, 0, 0, 0, 0, 0, 57, 0, 0, 0, 0, 0, 0, 0, 0, 0, 56, 0, 0, 0, 0, 0, 0, 0, 0, 0, 174, 0, 0, 0, 0, 0, 0, 0, 0, 0, 114, 0, 0, 0, 0, 0, 0, 0, 0, 0],
        [0, 0, 0, 0, 0, 0, 0, 0, 0, 0, 50, 66, 32, 138, 0, 173, 176, 220, 0, 0, 107, 0, 0, 0, 0, 0, 0, 0, 0, 0, 75, 64, 0, 172, 175, 0, 0, 0, 191, 0, 57, 0, 0, 0, 0, 0, 0, 0, 0, 0, 0, 0, 0, 0, 0, 0, 215, 0, 0, 0, 174, 0, 0, 0, 0, 217, 0, 0, 0, 0, 114, 0, 0, 0, 0, 0, 0, 0, 0, 0],
        [0, 0, 0, 0, 0, 0, 0, 0, 0, 0, 54, 67, 0, 138, 0, 173, 176, 220, 0, 0, 115, 0, 0, 0, 0, 0, 0, 0, 0, 0, 143, 64, 0, 172, 175, 0, 0, 0, 191, 0, 57, 0, 0, 0, 0, 0, 0, 0, 0, 0, 0, 0, 0, 0, 0, 0, 215, 0, 0, 0, 174, 0, 0, 0, 0, 217, 0, 0, 0, 0, 114, 0, 0, 0, 0, 0, 0, 0, 0, 0],
        [0, 0, 0, 0, 0, 0, 0, 0, 0, 0, 55, 66, 0, 138, 0, 173, 176, 220, 0, 0, 107, 0, 0, 0, 0, 0, 0, 0, 0, 0, 143, 64, 0, 172, 175, 0, 0, 0, 191, 0, 57, 0, 0, 0, 0, 0, 0, 0, 0, 0, 0, 0, 0, 0, 0, 0, 215, 0, 0, 0, 174, 0, 0, 0, 0, 217, 0, 0, 0, 0, 114, 0, 0, 0, 0, 0, 0, 0, 0, 0],
        [3, 0, 0, 0, 0, 0, 0, 0, 0, 0, 0, 0, 0, 0, 0, 0, 0, 0, 180, 0, 164, 0, 0, 0, 0, 0, 0, 198, 0, 0, 43, 0, 0, 172, 175, 0, 0, 0, 0, 0, 0, 0, 0, 0, 0, 209, 0, 192, 0, 0, 44, 0, 0, 0, 214, 0, 215, 0, 0, 0, 174, 0, 0, 216, 0, 217, 0, 0, 0, 0, 114, 0, 220, 0, 0, 0, 0, 0, 0, 0],
        [120, 0, 0, 0, 0, 0, 0, 0, 0, 0, 116, 67, 32, 138, 0, 173, 176, 220, 180, 0, 99, 0, 0, 0, 0, 0, 0, 198, 0, 0, 97, 151, 0, 172, 175, 0, 0, 0, 0, 0, 57, 0, 0, 0, 0, 0, 0, 0, 0, 0, 0, 0, 0, 0, 214, 0, 215, 0, 0, 0, 174, 0, 0, 216, 0, 217, 0, 0, 0, 0, 114, 0, 220, 0, 0, 0, 0, 0, 0, 0],
        [0, 0, 0, 0, 0, 0, 0, 0, 0, 0, 73, 67, 32, 0, 0, 173, 176, 220, 0, 0, 99, 0, 0, 0, 0, 0, 0, 0, 0, 0, 97, 151, 0, 172, 175, 0, 0, 0, 0, 0, 58, 0, 0, 0, 0, 0, 0, 0, 0, 0, 0, 0, 0, 0, 0, 0, 215, 0, 0, 0, 174, 0, 0, 0, 0, 217, 0, 0, 0, 0, 114, 0, 0, 0, 0, 0, 0, 0, 0, 0],
        [121, 0, 0, 0, 0, 0, 0, 0, 0, 0, 152, 15, 0, 0, 130, 173, 176, 220, 0, 0, 59, 0, 0, 0, 0, 0, 0, 0, 0, 0, 0, 0, 0, 0, 0, 0, 0, 0, 0, 0, 0, 0, 0, 0, 0, 207, 0, 0, 0, 0, 8, 0, 0, 0, 214, 0, 215, 0, 0, 0, 174, 0, 0, 216, 0, 217, 0, 0, 0, 0, 114, 0, 220, 0, 0, 0, 0, 0, 0, 0],
        [0, 0, 0, 0, 0, 0, 0, 0, 0, 0, 116, 67, 32, 138, 0, 173, 176, 220, 0, 0, 99, 0, 0, 0, 0, 0, 0, 0, 0, 0, 97, 151, 0, 172, 175, 0, 0, 0, 0, 0, 57, 0, 0, 0, 0, 0, 0, 0, 0, 0, 0, 0, 0, 0, 0, 0, 215, 0, 0, 0, 174, 0, 0, 0, 0, 217, 0, 0, 0, 0, 114, 0, 0, 0, 0, 0, 0, 0, 0, 0],
        [0, 0, 0, 0, 0, 0, 0, 0, 0, 0, 0, 0, 0, 0, 0, 0, 0, 0, 0, 0, 164, 0, 0, 0, 0, 0, 0, 0, 0, 0, 43, 0, 0, 172, 175, 0, 0, 0, 0, 0, 0, 0, 0, 0, 0, 0, 0, 192, 0, 0, 63, 0, 0, 0, 0, 0, 215, 0, 0, 0, 174, 0, 0, 0, 0, 217, 0, 0, 0, 0, 114, 0, 0, 0, 0, 0, 0, 0, 0, 0],
        [120, 0, 0, 0, 0, 0, 0, 0, 0, 0, 0, 0, 0, 0, 0, 0, 0, 0, 180, 0, 99, 0, 0, 0, 0, 0, 0, 198, 0, 0, 97, 151, 0, 172, 175, 0, 0, 0, 0, 0, 62, 0, 0, 0, 0, 0, 0, 0, 0, 0, 0, 0, 0, 0, 214, 0, 215, 0, 0, 0, 174, 0, 0, 216, 0, 217, 0, 0, 0, 0, 114, 0, 220, 0, 0, 0, 0, 0, 0, 0],
        [0, 0, 0, 0, 0, 0, 0, 0, 0, 0, 18, 67, 32, 0, 0, 173, 176, 220, 0, 0, 164, 0, 0, 0, 0, 0, 0, 0, 0, 0, 43, 0, 0, 172, 175, 0, 0, 0, 0, 0, 0, 0, 0, 0, 0, 0, 0, 192, 0, 0, 63, 0, 0, 0, 0, 0, 215, 0, 0, 0, 174, 0, 0, 0, 0, 217, 0, 0, 0, 0, 114, 0, 0, 0, 0, 0, 0, 0, 0, 0],
        [0, 0, 0, 0, 0, 0, 0, 0, 0, 0, 0, 0, 0, 0, 0, 0, 0, 0, 0, 0, 0, 0, 0, 0, 0, 0, 0, 0, 0, 0, 0, 0, 0, 0, 0, 0, 0, 0, 38, 0, 0, 0, 0, 0, 0, 0, 0, 0, 84, 0, 0, 0, 0, 0, 0, 0, 0, 0, 0, 0, 0, 0, 0, 0, 0, 0, 0, 0, 0, 0, 0, 0, 0, 0, 0, 0, 0, 0, 0, 0],
        [0, 0, 0, 0, 64, 141, 172, 175, 0, 0, 0, 0, 0, 0, 0, 0, 0, 0, 0, 0, 0, 0, 0, 0, 0, 0, 0, 0, 65, 0, 0, 0, 0, 0, 0, 0, 0, 0, 0, 0, 0, 0, 0, 0, 0, 0, 0, 0, 0, 0, 0, 0, 0, 0, 0, 0, 0, 0, 0, 0, 0, 0, 0, 0, 0, 0, 0, 0, 0, 0, 0, 0, 0, 0, 0, 0, 0, 0, 0, 0],
        [0, 0, 0, 0, 0, 0, 0, 0, 0, 0, 0, 0, 0, 0, 0, 0, 0, 0, 0, 0, 0, 0, 0, 0, 0, 0, 0, 0, 65, 0, 0, 0, 0, 0, 0, 0, 0, 0, 0, 0, 0, 0, 0, 0, 0, 0, 0, 0, 0, 0, 0, 0, 0, 0, 0, 0, 0, 0, 0, 0, 0, 0, 0, 0, 0, 0, 0, 0, 0, 0, 0, 0, 0, 0, 0, 0, 0, 0, 0, 0],
        [0, 0, 0, 0, 0, 0, 0, 0, 0, 0, 0, 0, 0, 0, 0, 0, 0, 0, 13, 0, 0, 0, 0, 0, 0, 0, 0, 0, 65, 0, 0, 0, 0, 0, 0, 0, 0, 0, 0, 0, 0, 0, 0, 0, 0, 0, 0, 0, 0, 0, 0, 0, 0, 0, 0, 0, 0, 0, 0, 0, 0, 0, 0, 0, 0, 0, 0, 0, 0, 0, 0, 0, 0, 0, 0, 0, 0, 0, 0, 0],
        [145, 0, 0, 0, 0, 0, 0, 0, 0, 0, 0, 0, 0, 0, 0, 0, 0, 0, 0, 0, 0, 0, 0, 0, 0, 0, 0, 0, 0, 0, 68, 64, 0, 172, 175, 0, 196, 0, 0, 0, 57, 0, 0, 0, 0, 207, 0, 0, 0, 0, 162, 0, 0, 0, 214, 0, 0, 0, 0, 0, 174, 0, 0, 216, 0, 0, 0, 0, 0, 0, 114, 0, 220, 0, 0, 0, 0, 0, 0, 0],
        [69, 0, 0, 0, 0, 0, 0, 0, 0, 0, 0, 0, 0, 0, 0, 0, 0, 0, 0, 0, 106, 0, 0, 0, 0, 0, 0, 198, 0, 0, 70, 64, 0, 172, 175, 0, 0, 0, 191, 0, 6, 0, 0, 0, 0, 0, 0, 0, 0, 0, 0, 0, 0, 0, 214, 0, 215, 0, 0, 0, 174, 0, 0, 216, 0, 217, 0, 0, 0, 0, 114, 0, 220, 0, 0, 0, 0, 0, 0, 0],
        [17, 0, 0, 0, 0, 0, 0, 0, 0, 0, 135, 0, 0, 40, 130, 173, 176, 220, 0, 0, 0, 0, 0, 0, 0, 0, 0, 200, 0, 0, 70, 64, 0, 172, 175, 0, 196, 0, 0, 0, 57, 0, 0, 0, 0, 207, 0, 0, 0, 0, 162, 0, 0, 0, 214, 0, 0, 0, 0, 0, 174, 0, 0, 216, 0, 0, 0, 0, 0, 0, 114, 0, 220, 0, 0, 0, 0, 0, 0, 0],
        [78, 0, 0, 0, 0, 0, 0, 0, 0, 0, 53, 0, 32, 138, 0, 173, 176, 220, 0, 0, 0, 0, 0, 0, 0, 0, 0, 198, 0, 0, 97, 151, 0, 172, 175, 0, 0, 0, 0, 0, 57, 0, 0, 0, 0, 0, 0, 0, 0, 0, 0, 0, 0, 0, 214, 0, 0, 0, 0, 0, 174, 0, 0, 216, 0, 0, 0, 0, 0, 0, 114, 0, 220, 0, 0, 0, 0, 0, 0, 0],
        [17, 0, 0, 0, 0, 0, 0, 0, 0, 0, 0, 0, 0, 0, 0, 0, 0, 0, 0, 0, 0, 0, 0, 0, 0, 0, 0, 200, 0, 0, 169, 150, 0, 172, 175, 0, 196, 0, 0, 0, 7, 0, 0, 0, 0, 207, 0, 0, 0, 0, 9, 0, 0, 0, 214, 0, 0, 0, 0, 0, 174, 0, 0, 216, 0, 0, 0, 0, 0, 0, 114, 0, 220, 0, 0, 0, 0, 0, 0, 0],
        [0, 0, 0, 0, 0, 0, 0, 0, 0, 0, 73, 67, 32, 0, 0, 173, 176, 220, 0, 0, 115, 0, 0, 0, 0, 0, 0, 0, 0, 0, 70, 64, 0, 172, 175, 0, 0, 0, 191, 0, 58, 0, 0, 0, 0, 0, 0, 0, 0, 0, 0, 0, 0, 0, 0, 0, 215, 0, 0, 0, 174, 0, 0, 0, 0, 217, 0, 0, 0, 0, 114, 0, 0, 0, 0, 0, 0, 0, 0, 0],
        [74, 0, 0, 0, 0, 0, 0, 0, 0, 0, 0, 0, 0, 0, 0, 0, 0, 0, 0, 0, 106, 0, 0, 0, 0, 0, 0, 201, 0, 0, 68, 64, 0, 172, 175, 0, 0, 0, 191, 0, 6, 0, 0, 0, 0, 0, 0, 0, 0, 0, 0, 0, 0, 0, 214, 0, 215, 0, 0, 0, 174, 0, 0, 216, 0, 217, 0, 0, 0, 0, 114, 0, 220, 0, 0, 0, 0, 0, 0, 0],
        [0, 0, 0, 0, 0, 0, 0, 0, 0, 0, 135, 0, 0, 40, 130, 173, 176, 220, 0, 0, 0, 0, 0, 0, 0, 0, 0, 0, 0, 0, 75, 64, 0, 172, 175, 0, 0, 0, 0, 0, 57, 0, 0, 0, 0, 0, 0, 0, 0, 0, 162, 0, 0, 0, 0, 0, 0, 0, 0, 0, 174, 0, 0, 0, 0, 0, 0, 0, 0, 0, 114, 0, 0, 0, 0, 0, 0, 0, 0, 0],
        [0, 0, 0, 0, 0, 0, 0, 0, 0, 0, 0, 0, 0, 0, 0, 0, 0, 0, 0, 0, 0, 0, 0, 0, 0, 0, 0, 0, 0, 0, 170, 150, 0, 172, 175, 0, 0, 0, 0, 0, 7, 0, 0, 0, 0, 0, 0, 0, 0, 0, 9, 0, 0, 0, 0, 0, 0, 0, 0, 0, 174, 0, 0, 0, 0, 0, 0, 0, 0, 0, 114, 0, 0, 0, 0, 0, 0, 0, 0, 0],
        [74, 0, 0, 0, 0, 0, 0, 0, 0, 0, 0, 0, 0, 0, 0, 0, 0, 0, 0, 0, 93, 0, 0, 0, 0, 0, 0, 201, 0, 0, 79, 0, 0, 172, 175, 0, 0, 0, 0, 0, 0, 0, 0, 0, 0, 0, 0, 0, 0, 0, 0, 0, 0, 0, 214, 0, 215, 0, 0, 0, 174, 0, 0, 216, 0, 217, 0, 0, 0, 0, 114, 0, 220, 0, 0, 0, 0, 0, 0, 0],
        [69, 0, 0, 0, 0, 0, 0, 0, 0, 0, 0, 0, 0, 0, 0, 0, 0, 0, 0, 0, 90, 0, 0, 0, 0, 0, 0, 198, 0, 0, 4, 0, 0, 172, 175, 0, 0, 0, 0, 0, 0, 0, 0, 0, 0, 0, 0, 0, 0, 0, 0, 0, 0, 0, 214, 0, 215, 0, 0, 0, 174, 0, 0, 216, 0, 217, 0, 0, 0, 0, 114, 0, 220, 0, 0, 0, 0, 0, 0, 0],
        [145, 0, 0, 0, 0, 0, 0, 0, 0, 0, 0, 0, 0, 0, 0, 0, 0, 0, 0, 0, 0, 0, 0, 0, 0, 0, 0, 0, 0, 0, 171, 150, 0, 172, 175, 0, 196, 0, 0, 0, 7, 0, 0, 0, 0, 207, 0, 0, 0, 0, 9, 0, 0, 0, 214, 0, 0, 0, 0, 0, 174, 0, 0, 216, 0, 0, 0, 0, 0, 0, 114, 0, 220, 0, 0, 0, 0, 0, 0, 0],
        [0, 0, 0, 0, 80, 0, 0, 0, 0, 0, 0, 0, 0, 0, 0, 0, 0, 0, 0, 0, 0, 0, 0, 0, 0, 0, 0, 0, 0, 0, 0, 0, 0, 0, 0, 0, 0, 0, 67, 32, 138, 0, 173, 176, 220, 0, 0, 0, 0, 0, 0, 0, 0, 0, 0, 0, 0, 0, 0, 0, 0, 0, 0, 0, 0, 0, 0, 0, 0, 0, 0, 0, 0, 0, 0, 0, 0, 0, 0, 0],
        [0, 0, 0, 0, 80, 0, 0, 0, 0, 0, 0, 0, 0, 0, 0, 0, 0, 0, 0, 0, 0, 0, 0, 0, 0, 0, 0, 0, 0, 0, 0, 0, 0, 0, 0, 0, 0, 0, 0, 0, 0, 0, 0, 0, 0, 0, 0, 0, 0, 0, 0, 0, 0, 0, 0, 0, 0, 0, 0, 0, 0, 0, 0, 0, 0, 0, 0, 0, 0, 0, 0, 0, 0, 0, 0, 0, 0, 0, 0, 0],
        [0, 0, 0, 0, 0, 0, 0, 0, 0, 0, 0, 0, 0, 0, 82, 0, 0, 0, 0, 0, 0, 0, 0, 0, 0, 0, 0, 0, 0, 0, 0, 0, 0, 0, 0, 0, 0, 0, 67, 32, 0, 0, 173, 176, 220, 0, 0, 0, 0, 0, 0, 0, 0, 0, 0, 0, 0, 0, 0, 0, 0, 0, 0, 0, 0, 0, 0, 0, 0, 0, 0, 0, 0, 0, 0, 0, 0, 0, 0, 0],
        [0, 0, 0, 0, 80, 0, 0, 0, 0, 0, 0, 0, 0, 0, 82, 0, 0, 0, 0, 0, 0, 0, 0, 0, 0, 0, 0, 0, 0, 0, 0, 0, 0, 0, 0, 0, 0, 0, 0, 0, 0, 0, 0, 0, 0, 0, 0, 0, 0, 0, 0, 0, 0, 0, 0, 0, 0, 0, 0, 0, 0, 0, 0, 0, 0, 0, 0, 0, 0, 0, 0, 0, 0, 0, 0, 0, 0, 0, 0, 0],
        [0, 0, 0, 0, 0, 0, 0, 0, 0, 0, 0, 0, 0, 0, 0, 0, 0, 0, 83, 140, 0, 0, 0, 0, 0, 0, 0, 0, 0, 0, 0, 0, 0, 0, 0, 0, 0, 0, 0, 0, 0, 0, 0, 0, 0, 0, 0, 0, 84, 0, 0, 0, 0, 0, 0, 0, 0, 0, 0, 0, 0, 0, 0, 0, 0, 0, 0, 0, 0, 0, 0, 0, 0, 0, 0, 0, 0, 0, 0, 0],
        [0, 0, 0, 0, 0, 0, 0, 0, 0, 0, 0, 0, 0, 0, 0, 0, 0, 0, 0, 0, 0, 0, 0, 0, 0, 0, 0, 83, 140, 0, 129, 0, 0, 0, 0, 0, 0, 0, 0, 0, 0, 0, 0, 0, 0, 0, 0, 0, 0, 0, 0, 0, 0, 0, 0, 0, 0, 0, 0, 0, 0, 0, 0, 0, 0, 0, 0, 0, 0, 0, 0, 0, 0, 0, 0, 0, 0, 0, 0, 0],
        [123, 0, 0, 0, 0, 0, 0, 0, 0, 0, 0, 0, 0, 0, 0, 0, 0, 0, 0, 0, 86, 0, 0, 0, 0, 0, 0, 0, 0, 0, 0, 0, 0, 0, 0, 0, 196, 0, 0, 0, 71, 0, 0, 0, 0, 207, 0, 193, 0, 0, 8, 0, 0, 0, 214, 0, 215, 0, 0, 0, 174, 0, 0, 216, 0, 217, 0, 0, 0, 0, 114, 0, 220, 0, 0, 0, 0, 0, 0, 0],
        [123, 0, 0, 0, 0, 0, 0, 0, 0, 0, 131, 15, 0, 40, 130, 173, 176, 220, 0, 0, 87, 0, 0, 0, 0, 0, 0, 0, 0, 0, 0, 0, 0, 0, 0, 0, 196, 0, 0, 0, 71, 0, 0, 0, 0, 207, 0, 193, 0, 0, 8, 0, 0, 0, 214, 0, 215, 0, 0, 0, 174, 0, 0, 216, 0, 217, 0, 0, 0, 0, 114, 0, 220, 0, 0, 0, 0, 0, 0, 0],
        [0, 0, 0, 0, 0, 0, 0, 0, 0, 0, 163, 0, 0, 40, 130, 173, 176, 220, 0, 0, 88, 0, 0, 0, 0, 0, 0, 0, 0, 0, 0, 0, 0, 0, 0, 0, 0, 0, 0, 0, 71, 0, 0, 0, 0, 0, 0, 193, 0, 0, 8, 0, 0, 0, 0, 0, 215, 0, 0, 0, 174, 0, 0, 0, 0, 217, 0, 0, 0, 0, 114, 0, 0, 0, 0, 0, 0, 0, 0, 0],
        [0, 0, 0, 0, 0, 0, 0, 0, 0, 0, 163, 0, 0, 40, 130, 173, 176, 220, 0, 0, 88, 0, 0, 0, 0, 0, 0, 0, 0, 0, 0, 0, 0, 0, 0, 0, 0, 0, 0, 0, 47, 0, 0, 0, 0, 0, 0, 193, 0, 0, 8, 0, 0, 0, 0, 0, 215, 0, 0, 0, 174, 0, 0, 0, 0, 217, 0, 0, 0, 0, 114, 0, 0, 0, 0, 0, 0, 0, 0, 0],
        [0, 0, 0, 0, 0, 0, 0, 0, 0, 0, 131, 15, 0, 40, 130, 173, 176, 220, 0, 0, 87, 0, 0, 0, 0, 0, 0, 0, 0, 0, 0, 0, 0, 0, 0, 0, 0, 0, 0, 0, 47, 0, 0, 0, 0, 0, 0, 193, 0, 0, 8, 0, 0, 0, 0, 0, 215, 0, 0, 0, 174, 0, 0, 0, 0, 217, 0, 0, 0, 0, 114, 0, 0, 0, 0, 0, 0, 0, 0, 0],
        [0, 0, 0, 0, 0, 0, 0, 0, 0, 0, 91, 67, 32, 0, 0, 173, 176, 220, 0, 0, 166, 0, 0, 0, 0, 0, 0, 0, 0, 0, 160, 0, 141, 172, 175, 0, 0, 0, 0, 0, 0, 0, 0, 0, 0, 0, 0, 189, 0, 0, 61, 0, 0, 0, 0, 0, 215, 0, 0, 0, 174, 0, 0, 0, 0, 217, 0, 0, 0, 0, 114, 0, 0, 0, 0, 0, 0, 0, 0, 0],
        [0, 0, 0, 0, 0, 0, 0, 0, 0, 0, 92, 67, 0, 0, 0, 173, 176, 220, 0, 0, 166, 0, 0, 0, 0, 0, 0, 0, 0, 0, 147, 0, 141, 172, 175, 0, 0, 0, 0, 0, 0, 0, 0, 0, 0, 0, 0, 189, 0, 0, 61, 0, 0, 0, 0, 0, 215, 0, 0, 0, 174, 0, 0, 0, 0, 217, 0, 0, 0, 0, 114, 0, 0, 0, 0, 0, 0, 0, 0, 0],
        [0, 0, 0, 0, 0, 0, 0, 0, 0, 0, 0, 0, 0, 0, 0, 0, 0, 0, 0, 0, 86, 0, 0, 0, 0, 0, 0, 0, 0, 0, 0, 0, 0, 0, 0, 0, 0, 0, 0, 0, 47, 0, 0, 0, 0, 0, 0, 193, 0, 0, 8, 0, 0, 0, 0, 0, 215, 0, 0, 0, 174, 0, 0, 0, 0, 217, 0, 0, 0, 0, 114, 0, 0, 0, 0, 0, 0, 0, 0, 0],
        [159, 0, 0, 0, 0, 0, 0, 0, 0, 0, 0, 0, 0, 0, 0, 0, 0, 0, 0, 0, 0, 0, 0, 0, 0, 0, 0, 0, 0, 0, 0, 0, 0, 0, 0, 0, 196, 0, 0, 0, 62, 0, 0, 0, 0, 210, 0, 0, 0, 0, 156, 0, 0, 0, 214, 0, 0, 0, 0, 0, 174, 0, 0, 216, 0, 0, 0, 0, 0, 0, 114, 0, 220, 0, 0, 0, 0, 0, 0, 0],
        [155, 0, 0, 0, 0, 0, 0, 0, 0, 0, 0, 0, 0, 0, 0, 0, 0, 0, 0, 0, 0, 0, 0, 0, 0, 0, 0, 200, 0, 0, 146, 64, 141, 172, 175, 0, 196, 0, 0, 0, 62, 0, 0, 0, 0, 210, 0, 0, 0, 0, 156, 0, 0, 0, 214, 0, 0, 0, 0, 0, 174, 0, 0, 216, 0, 0, 0, 0, 0, 0, 114, 0, 220, 0, 0, 0, 0, 0, 0, 0],
        [95, 0, 0, 0, 0, 0, 0, 0, 0, 0, 49, 0, 0, 40, 0, 173, 176, 220, 0, 0, 0, 0, 0, 0, 0, 0, 0, 200, 0, 0, 96, 0, 0, 172, 175, 0, 196, 0, 0, 0, 7, 0, 0, 0, 0, 0, 0, 0, 0, 0, 0, 0, 0, 0, 214, 0, 0, 0, 0, 0, 174, 0, 0, 216, 0, 0, 0, 0, 0, 0, 114, 0, 220, 0, 0, 0, 0, 0, 0, 0],
        [95, 0, 0, 0, 0, 0, 0, 0, 0, 0, 49, 0, 0, 40, 0, 173, 176, 220, 0, 0, 0, 0, 0, 0, 0, 0, 0, 200, 0, 0, 97, 151, 0, 172, 175, 0, 196, 0, 0, 0, 57, 0, 0, 0, 0, 0, 0, 0, 0, 0, 0, 0, 0, 0, 214, 0, 0, 0, 0, 0, 174, 0, 0, 216, 0, 0, 0, 0, 0, 0, 114, 0, 220, 0, 0, 0, 0, 0, 0, 0],
        [94, 0, 0, 0, 0, 0, 0, 0, 0, 0, 2, 15, 0, 40, 0, 173, 176, 220, 0, 0, 98, 0, 0, 0, 0, 0, 0, 0, 0, 0, 0, 0, 0, 0, 0, 0, 196, 0, 0, 0, 47, 0, 0, 0, 0, 0, 0, 0, 0, 0, 0, 0, 0, 0, 214, 0, 215, 0, 0, 0, 174, 0, 0, 216, 0, 217, 0, 0, 0, 0, 114, 0, 220, 0, 0, 0, 0, 0, 0, 0],
        [104, 0, 0, 0, 0, 0, 0, 0, 0, 0, 153, 15, 0, 0, 0, 173, 176, 220, 0, 0, 98, 0, 0, 0, 0, 0, 0, 0, 0, 0, 0, 0, 0, 0, 0, 0, 0, 0, 0, 0, 0, 0, 0, 0, 0, 0, 0, 0, 0, 0, 0, 0, 0, 0, 214, 0, 215, 0, 0, 0, 174, 0, 0, 216, 0, 217, 0, 0, 0, 0, 114, 0, 220, 0, 0, 0, 0, 0, 0, 0],
        [100, 0, 0, 0, 0, 0, 0, 0, 0, 0, 0, 0, 0, 0, 0, 0, 0, 0, 0, 0, 127, 0, 0, 0, 0, 0, 0, 0, 0, 0, 0, 0, 0, 0, 0, 0, 0, 0, 191, 0, 60, 0, 0, 0, 0, 207, 0, 189, 0, 0, 44, 0, 0, 0, 214, 0, 215, 0, 0, 0, 174, 0, 0, 216, 0, 217, 0, 0, 0, 0, 114, 0, 220, 0, 0, 0, 0, 0, 0, 0],
        [101, 0, 0, 0, 0, 0, 0, 0, 0, 0, 0, 0, 0, 0, 0, 0, 0, 0, 0, 0, 0, 0, 0, 0, 0, 0, 0, 200, 0, 0, 146, 64, 141, 172, 175, 0, 0, 0, 0, 0, 60, 0, 0, 0, 0, 207, 0, 0, 0, 0, 44, 0, 0, 0, 214, 0, 0, 0, 0, 0, 174, 0, 0, 216, 0, 0, 0, 0, 0, 0, 114, 0, 220, 0, 0, 0, 0, 0, 0, 0],
        [158, 0, 0, 0, 0, 0, 0, 0, 0, 0, 0, 0, 0, 0, 0, 0, 0, 0, 0, 0, 0, 0, 0, 0, 0, 0, 0, 200, 0, 0, 146, 64, 141, 172, 175, 0, 0, 0, 0, 0, 6, 0, 0, 0, 0, 210, 0, 0, 0, 0, 156, 0, 0, 0, 214, 0, 0, 0, 0, 0, 174, 0, 0, 216, 0, 0, 0, 0, 0, 0, 114, 0, 220, 0, 0, 0, 0, 0, 0, 0],
        [101, 0, 0, 0, 0, 0, 0, 0, 0, 0, 132, 0, 0, 0, 130, 173, 176, 220, 0, 0, 0, 0, 0, 0, 0, 0, 0, 200, 0, 0, 103, 0, 0, 172, 175, 0, 0, 0, 0, 0, 0, 0, 0, 0, 0, 207, 0, 0, 0, 0, 9, 0, 0, 0, 214, 0, 0, 0, 0, 0, 174, 0, 0, 216, 0, 0, 0, 0, 0, 0, 114, 0, 220, 0, 0, 0, 0, 0, 0, 0],
        [157, 0, 0, 0, 0, 0, 0, 0, 0, 0, 0, 0, 0, 0, 0, 0, 0, 0, 0, 0, 0, 0, 0, 0, 0, 0, 0, 0, 0, 0, 0, 0, 0, 0, 0, 0, 0, 0, 0, 0, 6, 0, 0, 0, 0, 210, 0, 0, 0, 0, 156, 0, 0, 0, 214, 0, 0, 0, 0, 0, 174, 0, 0, 216, 0, 0, 0, 0, 0, 0, 114, 0, 220, 0, 0, 0, 0, 0, 0, 0],
        [123, 0, 0, 0, 0, 0, 0, 0, 0, 0, 0, 0, 0, 0, 0, 0, 0, 0, 0, 0, 105, 0, 0, 0, 0, 0, 0, 0, 0, 0, 0, 0, 0, 0, 0, 0, 196, 0, 191, 0, 57, 0, 0, 0, 0, 207, 0, 189, 0, 0, 44, 0, 0, 0, 214, 0, 215, 0, 0, 0, 174, 0, 0, 216, 0, 217, 0, 0, 0, 0, 114, 0, 220, 0, 0, 0, 0, 0, 0, 0],
        [0, 0, 0, 0, 0, 0, 0, 0, 0, 0, 131, 15, 0, 40, 130, 173, 176, 220, 0, 0, 109, 0, 0, 0, 0, 0, 0, 0, 0, 0, 0, 0, 0, 0, 0, 0, 0, 0, 191, 0, 46, 0, 0, 0, 0, 0, 0, 193, 0, 0, 8, 0, 0, 0, 0, 0, 215, 0, 0, 0, 174, 0, 0, 0, 0, 217, 0, 0, 0, 0, 114, 0, 0, 0, 0, 0, 0, 0, 0, 0],
        [0, 0, 0, 0, 0, 0, 0, 0, 0, 0, 163, 0, 0, 40, 130, 173, 176, 220, 0, 0, 16, 0, 0, 0, 0, 0, 0, 0, 0, 0, 0, 0, 0, 0, 0, 0, 0, 0, 191, 0, 46, 0, 0, 0, 0, 0, 0, 193, 0, 0, 8, 0, 0, 0, 0, 0, 215, 0, 0, 0, 174, 0, 0, 0, 0, 217, 0, 0, 0, 0, 114, 0, 0, 0, 0, 0, 0, 0, 0, 0],
        [108, 0, 0, 0, 0, 0, 0, 0, 0, 0, 0, 0, 0, 0, 0, 0, 0, 0, 180, 0, 168, 0, 0, 0, 0, 0, 0, 198, 0, 0, 146, 64, 141, 172, 175, 0, 196, 0, 191, 0, 57, 0, 0, 0, 0, 207, 0, 189, 0, 0, 44, 0, 0, 0, 214, 0, 215, 0, 0, 0, 174, 0, 0, 216, 0, 217, 0, 0, 0, 0, 114, 0, 220, 0, 0, 0, 0, 0, 0, 0],
        [123, 0, 0, 0, 0, 0, 0, 0, 0, 0, 131, 15, 0, 40, 130, 173, 176, 220, 0, 0, 109, 0, 0, 0, 0, 0, 0, 0, 0, 0, 0, 0, 0, 0, 0, 0, 196, 0, 191, 0, 57, 0, 0, 0, 0, 207, 0, 193, 0, 0, 8, 0, 0, 0, 214, 0, 215, 0, 0, 0, 174, 0, 0, 216, 0, 217, 0, 0, 0, 0, 114, 0, 220, 0, 0, 0, 0, 0, 0, 0],
        [0, 0, 0, 0, 0, 0, 0, 0, 0, 0, 0, 0, 0, 0, 0, 0, 0, 0, 0, 0, 165, 0, 0, 0, 0, 0, 0, 0, 0, 0, 0, 0, 0, 0, 0, 0, 0, 0, 0, 0, 71, 0, 0, 0, 0, 0, 0, 189, 0, 0, 44, 0, 0, 0, 0, 0, 215, 0, 0, 0, 174, 0, 0, 0, 0, 217, 0, 0, 0, 0, 114, 0, 0, 0, 0, 0, 0, 0, 0, 0],
        [0, 0, 0, 0, 0, 0, 0, 0, 0, 0, 131, 15, 0, 40, 130, 173, 176, 220, 0, 0, 166, 0, 0, 0, 0, 0, 0, 0, 0, 0, 0, 0, 0, 0, 0, 0, 0, 0, 0, 0, 71, 0, 0, 0, 0, 0, 0, 189, 0, 0, 44, 0, 0, 0, 0, 0, 215, 0, 0, 0, 174, 0, 0, 0, 0, 217, 0, 0, 0, 0, 114, 0, 0, 0, 0, 0, 0, 0, 0, 0],
        [123, 0, 0, 0, 0, 0, 0, 0, 0, 0, 131, 15, 0, 40, 130, 173, 176, 220, 0, 0, 87, 0, 0, 0, 0, 0, 0, 0, 0, 0, 0, 0, 0, 0, 0, 0, 196, 0, 0, 0, 47, 0, 0, 0, 0, 207, 0, 193, 0, 0, 8, 0, 0, 0, 214, 0, 215, 0, 0, 0, 174, 0, 0, 216, 0, 217, 0, 0, 0, 0, 114, 0, 220, 0, 0, 0, 0, 0, 0, 0],
        [123, 0, 0, 0, 0, 0, 0, 0, 0, 0, 0, 0, 0, 0, 0, 0, 0, 0, 0, 0, 86, 0, 0, 0, 0, 0, 0, 0, 0, 0, 0, 0, 0, 0, 0, 0, 196, 0, 0, 0, 47, 0, 0, 0, 0, 207, 0, 193, 0, 0, 8, 0, 0, 0, 214, 0, 215, 0, 0, 0, 174, 0, 0, 216, 0, 217, 0, 0, 0, 0, 114, 0, 220, 0, 0, 0, 0, 0, 0, 0],
        [0, 0, 0, 0, 0, 0, 0, 0, 0, 0, 0, 0, 0, 0, 0, 0, 0, 0, 0, 0, 0, 0, 0, 0, 0, 0, 0, 0, 0, 0, 0, 0, 0, 0, 0, 0, 0, 0, 0, 0, 57, 0, 0, 0, 0, 0, 0, 0, 0, 0, 44, 0, 0, 0, 0, 0, 0, 0, 0, 0, 0, 0, 0, 0, 0, 0, 0, 0, 0, 0, 114, 0, 0, 0, 0, 0, 0, 0, 0, 0],
        [123, 0, 0, 0, 0, 0, 0, 0, 0, 0, 131, 15, 0, 40, 130, 173, 176, 220, 0, 0, 109, 0, 0, 0, 0, 0, 0, 0, 0, 0, 0, 0, 0, 0, 0, 0, 196, 0, 191, 0, 46, 0, 0, 0, 0, 207, 0, 193, 0, 0, 8, 0, 0, 0, 214, 0, 215, 0, 0, 0, 174, 0, 0, 216, 0, 217, 0, 0, 0, 0, 114, 0, 220, 0, 0, 0, 0, 0, 0, 0],
        [0, 0, 0, 0, 0, 0, 0, 0, 0, 0, 116, 67, 32, 138, 0, 173, 176, 220, 0, 0, 115, 0, 0, 0, 0, 0, 0, 0, 0, 0, 70, 64, 0, 172, 175, 0, 0, 0, 191, 0, 57, 0, 0, 0, 0, 0, 0, 0, 0, 0, 0, 0, 0, 0, 0, 0, 215, 0, 0, 0, 174, 0, 0, 0, 0, 217, 0, 0, 0, 0, 114, 0, 0, 0, 0, 0, 0, 0, 0, 0],
        [117, 0, 0, 0, 0, 0, 0, 0, 0, 0, 0, 0, 0, 0, 0, 0, 0, 0, 180, 0, 115, 0, 0, 0, 0, 0, 0, 198, 0, 0, 70, 64, 0, 172, 175, 0, 0, 0, 191, 0, 6, 0, 0, 0, 0, 0, 0, 0, 0, 0, 0, 0, 0, 0, 214, 0, 215, 0, 0, 0, 174, 0, 0, 216, 0, 217, 0, 0, 0, 0, 114, 0, 220, 0, 0, 0, 0, 0, 0, 0],
        [118, 0, 0, 0, 0, 0, 0, 0, 0, 0, 0, 0, 0, 0, 0, 0, 0, 0, 180, 0, 115, 0, 0, 0, 0, 0, 0, 201, 0, 0, 68, 64, 0, 172, 175, 0, 0, 0, 191, 0, 6, 0, 0, 0, 0, 0, 0, 0, 0, 0, 0, 0, 0, 0, 214, 0, 215, 0, 0, 0, 174, 0, 0, 216, 0, 217, 0, 0, 0, 0, 114, 0, 220, 0, 0, 0, 0, 0, 0, 0],
        [118, 0, 0, 0, 0, 0, 0, 0, 0, 0, 0, 0, 0, 0, 0, 0, 0, 0, 180, 0, 113, 0, 0, 0, 0, 0, 0, 201, 0, 0, 79, 0, 0, 172, 175, 0, 0, 0, 0, 0, 0, 0, 0, 0, 0, 0, 0, 0, 0, 0, 0, 0, 0, 0, 214, 0, 215, 0, 0, 0, 174, 0, 0, 216, 0, 217, 0, 0, 0, 0, 114, 0, 220, 0, 0, 0, 0, 0, 0, 0],
        [117, 0, 0, 0, 0, 0, 0, 0, 0, 0, 0, 0, 0, 0, 0, 0, 0, 0, 180, 0, 112, 0, 0, 0, 0, 0, 0, 198, 0, 0, 4, 0, 0, 172, 175, 0, 0, 0, 0, 0, 0, 0, 0, 0, 0, 0, 0, 0, 0, 0, 0, 0, 0, 0, 214, 0, 215, 0, 0, 0, 174, 0, 0, 216, 0, 217, 0, 0, 0, 0, 114, 0, 220, 0, 0, 0, 0, 0, 0, 0],
        [100, 0, 0, 0, 0, 0, 0, 0, 0, 0, 0, 0, 0, 0, 0, 0, 0, 0, 0, 0, 0, 0, 0, 0, 0, 0, 0, 0, 0, 0, 0, 0, 0, 0, 0, 0, 0, 0, 0, 0, 60, 0, 0, 0, 0, 207, 0, 0, 0, 0, 44, 0, 0, 0, 214, 0, 0, 0, 0, 0, 174, 0, 0, 216, 0, 0, 0, 0, 0, 0, 114, 0, 220, 0, 0, 0, 0, 0, 0, 0],
        [122, 0, 0, 0, 0, 0, 0, 0, 0, 0, 0, 0, 0, 0, 0, 0, 0, 0, 0, 0, 127, 0, 0, 0, 0, 0, 0, 0, 0, 0, 0, 0, 0, 0, 0, 0, 196, 0, 191, 0, 57, 0, 0, 0, 0, 207, 0, 189, 0, 0, 44, 0, 0, 0, 214, 0, 215, 0, 0, 0, 174, 0, 0, 216, 0, 217, 0, 0, 0, 0, 114, 0, 220, 0, 0, 0, 0, 0, 0, 0],
        [122, 0, 0, 0, 0, 0, 0, 0, 0, 0, 0, 0, 0, 0, 0, 0, 0, 0, 0, 0, 0, 0, 0, 0, 0, 0, 0, 0, 0, 0, 0, 0, 0, 0, 0, 0, 196, 0, 0, 0, 57, 0, 0, 0, 0, 207, 0, 0, 0, 0, 44, 0, 0, 0, 214, 0, 0, 0, 0, 0, 174, 0, 0, 216, 0, 0, 0, 0, 0, 0, 114, 0, 220, 0, 0, 0, 0, 0, 0, 0],
        [124, 0, 0, 0, 0, 0, 0, 0, 0, 0, 0, 0, 0, 0, 0, 0, 0, 0, 0, 0, 111, 0, 0, 0, 0, 0, 0, 198, 0, 0, 160, 0, 141, 172, 175, 0, 0, 0, 0, 0, 0, 0, 0, 0, 0, 209, 0, 189, 0, 0, 44, 0, 0, 0, 214, 0, 215, 0, 0, 0, 174, 0, 0, 216, 0, 217, 0, 0, 0, 0, 114, 0, 220, 0, 0, 0, 0, 0, 0, 0],
        [125, 0, 0, 0, 0, 0, 0, 0, 0, 0, 0, 0, 0, 0, 0, 0, 0, 0, 0, 0, 111, 0, 0, 0, 0, 0, 0, 201, 0, 0, 161, 0, 141, 172, 175, 0, 0, 0, 0, 0, 0, 0, 0, 0, 0, 209, 0, 189, 0, 0, 44, 0, 0, 0, 214, 0, 215, 0, 0, 0, 174, 0, 0, 216, 0, 217, 0, 0, 0, 0, 114, 0, 220, 0, 0, 0, 0, 0, 0, 0],
        [125, 0, 0, 0, 0, 0, 0, 0, 0, 0, 0, 0, 0, 0, 0, 0, 0, 0, 0, 0, 110, 0, 0, 0, 0, 0, 0, 201, 0, 0, 161, 0, 141, 172, 175, 0, 0, 0, 0, 0, 0, 0, 0, 0, 0, 209, 0, 189, 0, 0, 44, 0, 0, 0, 214, 0, 215, 0, 0, 0, 174, 0, 0, 216, 0, 217, 0, 0, 0, 0, 114, 0, 220, 0, 0, 0, 0, 0, 0, 0],
        [0, 0, 0, 0, 0, 0, 0, 0, 0, 0, 0, 0, 0, 0, 0, 0, 0, 0, 0, 0, 105, 0, 0, 0, 0, 0, 0, 0, 0, 0, 0, 0, 0, 0, 0, 0, 0, 0, 191, 0, 57, 0, 0, 0, 0, 0, 0, 189, 0, 0, 44, 0, 0, 0, 0, 0, 215, 0, 0, 0, 174, 0, 0, 0, 0, 217, 0, 0, 0, 0, 114, 0, 0, 0, 0, 0, 0, 0, 0, 0],
        [0, 0, 0, 0, 0, 0, 0, 0, 0, 0, 0, 0, 0, 0, 0, 0, 0, 0, 0, 0, 0, 0, 0, 0, 0, 0, 0, 0, 0, 0, 0, 0, 0, 0, 0, 0, 0, 0, 0, 0, 0, 0, 0, 0, 0, 14, 30, 0, 0, 0, 141, 172, 175, 0, 0, 0, 0, 0, 0, 0, 0, 0, 0, 0, 0, 0, 0, 0, 0, 0, 0, 0, 0, 0, 0, 0, 0, 0, 0, 0],
        [0, 0, 0, 0, 0, 0, 0, 0, 0, 0, 0, 0, 0, 0, 0, 0, 0, 0, 0, 0, 0, 0, 0, 0, 0, 0, 0, 0, 0, 0, 0, 0, 128, 0, 0, 0, 0, 0, 0, 0, 0, 0, 0, 0, 0, 0, 0, 0, 0, 0, 0, 0, 0, 0, 0, 0, 0, 0, 0, 0, 0, 0, 0, 0, 0, 0, 0, 0, 0, 0, 0, 0, 0, 0, 0, 0, 0, 0, 0, 0],
        [0, 0, 0, 0, 0, 0, 0, 0, 0, 0, 0, 0, 0, 0, 0, 0, 0, 0, 0, 0, 0, 0, 0, 0, 0, 0, 0, 0, 0, 0, 0, 0, 0, 0, 0, 0, 0, 0, 0, 0, 0, 0, 0, 0, 0, 0, 37, 0, 0, 0, 0, 0, 0, 0, 0, 0, 0, 0, 0, 0, 0, 0, 0, 0, 0, 0, 0, 0, 0, 0, 0, 0, 0, 0, 0, 0, 0, 0, 0, 0],
        [0, 0, 0, 0, 0, 0, 0, 0, 0, 0, 131, 15, 0, 40, 130, 173, 176, 220, 0, 0, 168, 0, 0, 0, 0, 0, 0, 0, 0, 0, 0, 0, 0, 0, 0, 0, 0, 0, 191, 0, 57, 0, 0, 0, 0, 0, 0, 189, 0, 0, 44, 0, 0, 0, 0, 0, 215, 0, 0, 0, 174, 0, 0, 0, 0, 217, 0, 0, 0, 0, 114, 0, 0, 0, 0, 0, 0, 0, 0, 0],
        [0, 0, 0, 0, 0, 0, 0, 0, 0, 0, 133, 0, 0, 137, 130, 173, 176, 220, 0, 0, 0, 0, 0, 0, 0, 0, 0, 0, 0, 0, 0, 0, 0, 0, 0, 0, 0, 0, 0, 0, 58, 0, 0, 0, 0, 0, 0, 0, 0, 0, 63, 0, 0, 0, 0, 0, 0, 0, 0, 0, 174, 0, 0, 0, 0, 0, 0, 0, 0, 0, 114, 0, 0, 0, 0, 0, 0, 0, 0, 0],
        [0, 0, 0, 0, 0, 0, 0, 0, 0, 0, 133, 0, 0, 137, 130, 173, 176, 220, 0, 0, 0, 0, 0, 0, 0, 0, 0, 0, 0, 0, 144, 64, 141, 172, 175, 0, 0, 0, 0, 0, 58, 0, 0, 0, 0, 0, 0, 0, 0, 0, 44, 0, 0, 0, 0, 0, 0, 0, 0, 0, 174, 0, 0, 0, 0, 0, 0, 0, 0, 0, 114, 0, 0, 0, 0, 0, 0, 0, 0, 0],
        [0, 0, 0, 0, 0, 0, 0, 0, 0, 0, 134, 15, 0, 137, 130, 173, 176, 220, 0, 0, 168, 0, 0, 0, 0, 0, 0, 0, 0, 0, 0, 0, 0, 0, 0, 0, 0, 0, 191, 0, 58, 0, 0, 0, 0, 0, 0, 189, 0, 0, 44, 0, 0, 0, 0, 0, 215, 0, 0, 0, 174, 0, 0, 0, 0, 217, 0, 0, 0, 0, 114, 0, 0, 0, 0, 0, 0, 0, 0, 0],
        [0, 0, 0, 0, 0, 0, 0, 0, 0, 0, 136, 0, 0, 40, 130, 173, 176, 220, 0, 0, 0, 0, 0, 0, 0, 0, 0, 0, 0, 0, 0, 0, 0, 0, 0, 0, 0, 0, 0, 0, 57, 0, 0, 0, 0, 0, 0, 0, 0, 0, 44, 0, 0, 0, 0, 0, 0, 0, 0, 0, 174, 0, 0, 0, 0, 0, 0, 0, 0, 0, 114, 0, 0, 0, 0, 0, 0, 0, 0, 0],
        [0, 0, 0, 0, 0, 0, 0, 0, 0, 0, 136, 0, 0, 40, 130, 173, 176, 220, 0, 0, 0, 0, 0, 0, 0, 0, 0, 0, 0, 0, 144, 64, 141, 172, 175, 0, 0, 0, 0, 0, 57, 0, 0, 0, 0, 0, 0, 0, 0, 0, 44, 0, 0, 0, 0, 0, 0, 0, 0, 0, 174, 0, 0, 0, 0, 0, 0, 0, 0, 0, 114, 0, 0, 0, 0, 0, 0, 0, 0, 0],
        [0, 0, 0, 0, 0, 0, 0, 0, 0, 0, 0, 0, 0, 0, 0, 0, 0, 0, 0, 0, 0, 0, 0, 0, 0, 0, 0, 0, 0, 0, 0, 0, 0, 0, 0, 0, 0, 0, 0, 0, 0, 0, 0, 0, 0, 0, 36, 0, 0, 0, 0, 0, 0, 0, 0, 0, 0, 0, 0, 0, 0, 0, 0, 0, 0, 0, 0, 0, 0, 0, 0, 0, 0, 0, 0, 0, 0, 0, 0, 0],
        [0, 0, 0, 0, 0, 0, 0, 0, 0, 0, 0, 0, 0, 0, 0, 0, 0, 0, 0, 0, 0, 0, 0, 0, 0, 0, 0, 0, 0, 0, 0, 0, 0, 0, 0, 0, 41, 0, 0, 0, 0, 0, 0, 0, 0, 0, 0, 0, 0, 0, 0, 0, 0, 0, 0, 0, 0, 0, 0, 0, 0, 0, 0, 0, 0, 0, 0, 0, 0, 0, 0, 0, 0, 0, 0, 0, 0, 0, 0, 0],
        [0, 0, 0, 0, 0, 0, 0, 0, 0, 0, 0, 0, 0, 0, 0, 0, 0, 0, 0, 0, 0, 0, 0, 0, 0, 0, 0, 0, 0, 0, 0, 0, 0, 0, 0, 0, 0, 0, 0, 0, 0, 0, 0, 0, 0, 0, 0, 67, 32, 0, 130, 173, 176, 220, 0, 0, 0, 0, 0, 0, 0, 0, 0, 0, 0, 0, 0, 0, 0, 0, 0, 0, 0, 0, 0, 0, 0, 0, 0, 0],
        [0, 0, 0, 0, 0, 0, 0, 0, 0, 0, 0, 0, 0, 0, 139, 0, 0, 0, 0, 0, 0, 0, 0, 0, 0, 0, 0, 0, 0, 0, 0, 0, 0, 0, 0, 0, 0, 0, 0, 0, 0, 0, 0, 0, 0, 0, 0, 0, 0, 0, 0, 0, 0, 0, 0, 0, 0, 0, 0, 0, 0, 0, 0, 0, 0, 0, 0, 0, 0, 0, 0, 0, 0, 0, 0, 0, 0, 0, 0, 0],
        [0, 0, 0, 0, 0, 0, 0, 0, 0, 0, 0, 0, 0, 0, 0, 0, 0, 0, 0, 0, 0, 0, 0, 0, 0, 0, 0, 0, 0, 0, 0, 0, 0, 0, 0, 0, 0, 0, 0, 0, 0, 0, 0, 0, 0, 0, 0, 0, 85, 0, 0, 0, 0, 0, 0, 0, 0, 0, 0, 0, 0, 0, 0, 0, 0, 0, 0, 0, 0, 0, 0, 0, 0, 0, 0, 0, 0, 0, 0, 0],
        [17, 0, 0, 0, 0, 0, 0, 0, 0, 0, 135, 0, 0, 40, 130, 173, 176, 220, 0, 0, 0, 0, 0, 0, 0, 0, 0, 200, 0, 0, 142, 150, 141, 172, 175, 0, 196, 0, 0, 0, 7, 0, 0, 0, 0, 207, 0, 0, 0, 0, 44, 0, 0, 0, 214, 0, 0, 0, 0, 0, 174, 0, 0, 216, 0, 0, 0, 0, 0, 0, 114, 0, 220, 0, 0, 0, 0, 0, 0, 0],
        [17, 0, 0, 0, 0, 0, 0, 0, 0, 0, 0, 0, 0, 0, 0, 0, 0, 0, 0, 0, 0, 0, 0, 0, 0, 0, 0, 200, 0, 0, 70, 64, 0, 172, 175, 0, 196, 0, 0, 0, 57, 0, 0, 0, 0, 207, 0, 0, 0, 0, 162, 0, 0, 0, 214, 0, 0, 0, 0, 0, 174, 0, 0, 216, 0, 0, 0, 0, 0, 0, 114, 0, 220, 0, 0, 0, 0, 0, 0, 0],
        [0, 0, 0, 0, 0, 0, 0, 0, 0, 0, 0, 0, 0, 0, 0, 0, 0, 0, 0, 0, 0, 0, 0, 0, 0, 0, 0, 0, 0, 0, 148, 64, 141, 172, 175, 0, 0, 0, 0, 0, 57, 0, 0, 0, 0, 0, 0, 0, 0, 0, 44, 0, 0, 0, 0, 0, 0, 0, 0, 0, 174, 0, 0, 0, 0, 0, 0, 0, 0, 0, 114, 0, 0, 0, 0, 0, 0, 0, 0, 0],
        [145, 0, 0, 0, 0, 0, 0, 0, 0, 0, 0, 0, 0, 0, 0, 0, 0, 0, 0, 0, 0, 0, 0, 0, 0, 0, 0, 0, 0, 0, 145, 64, 141, 172, 175, 0, 196, 0, 0, 0, 57, 0, 0, 0, 0, 207, 0, 0, 0, 0, 44, 0, 0, 0, 214, 0, 0, 0, 0, 0, 174, 0, 0, 216, 0, 0, 0, 0, 0, 0, 114, 0, 220, 0, 0, 0, 0, 0, 0, 0],
        [17, 0, 0, 0, 0, 0, 0, 0, 0, 0, 135, 0, 0, 40, 130, 173, 176, 220, 0, 0, 0, 0, 0, 0, 0, 0, 0, 200, 0, 0, 146, 64, 141, 172, 175, 0, 196, 0, 0, 0, 57, 0, 0, 0, 0, 207, 0, 0, 0, 0, 44, 0, 0, 0, 214, 0, 0, 0, 0, 0, 174, 0, 0, 216, 0, 0, 0, 0, 0, 0, 114, 0, 220, 0, 0, 0, 0, 0, 0, 0],
        [17, 0, 0, 0, 0, 0, 0, 0, 0, 0, 0, 0, 0, 0, 0, 0, 0, 0, 0, 0, 0, 0, 0, 0, 0, 0, 0, 200, 0, 0, 142, 150, 141, 172, 175, 0, 196, 0, 0, 0, 7, 0, 0, 0, 0, 207, 0, 0, 0, 0, 45, 0, 0, 0, 214, 0, 0, 0, 0, 0, 174, 0, 0, 216, 0, 0, 0, 0, 0, 0, 114, 0, 220, 0, 0, 0, 0, 0, 0, 0],
        [0, 0, 0, 0, 0, 0, 0, 0, 0, 0, 135, 0, 0, 40, 130, 173, 176, 220, 0, 0, 0, 0, 0, 0, 0, 0, 0, 0, 0, 0, 148, 64, 141, 172, 175, 0, 0, 0, 0, 0, 57, 0, 0, 0, 0, 0, 0, 0, 0, 0, 44, 0, 0, 0, 0, 0, 0, 0, 0, 0, 174, 0, 0, 0, 0, 0, 0, 0, 0, 0, 114, 0, 0, 0, 0, 0, 0, 0, 0, 0],
        [145, 0, 0, 0, 0, 0, 0, 0, 0, 0, 0, 0, 0, 0, 0, 0, 0, 0, 0, 0, 0, 0, 0, 0, 0, 0, 0, 0, 0, 0, 149, 150, 141, 172, 175, 0, 196, 0, 0, 0, 7, 0, 0, 0, 0, 207, 0, 0, 0, 0, 44, 0, 0, 0, 214, 0, 0, 0, 0, 0, 174, 0, 0, 216, 0, 0, 0, 0, 0, 0, 114, 0, 220, 0, 0, 0, 0, 0, 0, 0],
        [0, 0, 0, 0, 0, 0, 0, 0, 0, 0, 0, 0, 0, 0, 0, 0, 0, 0, 0, 0, 0, 0, 0, 0, 0, 0, 0, 0, 0, 0, 0, 0, 0, 0, 0, 0, 0, 0, 0, 0, 0, 0, 0, 0, 0, 0, 0, 0, 84, 0, 0, 0, 0, 0, 0, 0, 0, 0, 0, 0, 0, 0, 0, 0, 0, 0, 0, 0, 0, 0, 0, 0, 0, 0, 0, 0, 0, 0, 0, 0],
        [0, 0, 0, 0, 0, 0, 0, 0, 0, 0, 0, 0, 0, 0, 0, 0, 0, 0, 0, 0, 0, 0, 0, 0, 0, 0, 0, 0, 0, 0, 0, 0, 0, 0, 0, 0, 0, 0, 38, 0, 0, 0, 0, 0, 0, 0, 0, 0, 0, 0, 0, 0, 0, 0, 0, 0, 0, 0, 0, 0, 0, 0, 0, 0, 0, 0, 0, 0, 0, 0, 0, 0, 0, 0, 0, 0, 0, 0, 0, 0],
        [0, 0, 0, 0, 0, 0, 0, 0, 0, 0, 134, 15, 0, 137, 130, 173, 176, 220, 0, 0, 168, 0, 0, 0, 0, 0, 0, 0, 0, 0, 0, 0, 0, 0, 0, 0, 0, 0, 191, 0, 58, 0, 0, 0, 0, 0, 0, 189, 0, 0, 63, 0, 0, 0, 0, 0, 215, 0, 0, 0, 174, 0, 0, 0, 0, 217, 0, 0, 0, 0, 114, 0, 0, 0, 0, 0, 0, 0, 0, 0],
        [0, 0, 0, 0, 0, 0, 0, 0, 0, 0, 42, 15, 0, 137, 0, 173, 176, 220, 0, 0, 168, 0, 0, 0, 0, 0, 0, 0, 0, 0, 0, 0, 0, 0, 0, 0, 0, 0, 191, 0, 58, 0, 0, 0, 0, 0, 0, 189, 0, 0, 61, 0, 0, 0, 0, 0, 215, 0, 0, 0, 174, 0, 0, 0, 0, 217, 0, 0, 0, 0, 114, 0, 0, 0, 0, 0, 0, 0, 0, 0],
        [154, 0, 0, 0, 0, 0, 0, 0, 0, 0, 0, 0, 0, 0, 0, 0, 0, 0, 180, 0, 166, 0, 0, 0, 0, 0, 0, 198, 0, 0, 160, 0, 141, 172, 175, 0, 0, 0, 0, 0, 0, 0, 0, 0, 0, 0, 0, 189, 0, 0, 156, 0, 0, 0, 214, 0, 215, 0, 0, 0, 174, 0, 0, 216, 0, 217, 0, 0, 0, 0, 114, 0, 220, 0, 0, 0, 0, 0, 0, 0],
        [155, 0, 0, 0, 0, 0, 0, 0, 0, 0, 0, 0, 0, 0, 0, 0, 0, 0, 0, 0, 0, 0, 0, 0, 0, 0, 0, 200, 0, 0, 146, 64, 141, 172, 175, 0, 196, 0, 0, 0, 57, 0, 0, 0, 0, 210, 0, 0, 0, 0, 156, 0, 0, 0, 214, 0, 0, 0, 0, 0, 174, 0, 0, 216, 0, 0, 0, 0, 0, 0, 114, 0, 220, 0, 0, 0, 0, 0, 0, 0],
        [154, 0, 0, 0, 0, 0, 0, 0, 0, 0, 0, 0, 0, 0, 0, 0, 0, 0, 180, 0, 164, 0, 0, 0, 0, 0, 0, 198, 0, 0, 43, 0, 0, 172, 175, 0, 0, 0, 0, 0, 0, 0, 0, 0, 0, 0, 0, 192, 0, 0, 156, 0, 0, 0, 214, 0, 215, 0, 0, 0, 174, 0, 0, 216, 0, 217, 0, 0, 0, 0, 114, 0, 220, 0, 0, 0, 0, 0, 0, 0],
        [157, 0, 0, 0, 0, 0, 0, 0, 0, 0, 0, 0, 0, 0, 0, 0, 0, 0, 0, 0, 127, 0, 0, 0, 0, 0, 0, 0, 0, 0, 0, 0, 0, 0, 0, 0, 0, 0, 191, 0, 60, 0, 0, 0, 0, 210, 0, 189, 0, 0, 156, 0, 0, 0, 214, 0, 215, 0, 0, 0, 174, 0, 0, 216, 0, 217, 0, 0, 0, 0, 114, 0, 220, 0, 0, 0, 0, 0, 0, 0],
        [158, 0, 0, 0, 0, 0, 0, 0, 0, 0, 0, 0, 0, 0, 0, 0, 0, 0, 0, 0, 0, 0, 0, 0, 0, 0, 0, 200, 0, 0, 146, 64, 141, 172, 175, 0, 0, 0, 0, 0, 60, 0, 0, 0, 0, 210, 0, 0, 0, 0, 156, 0, 0, 0, 214, 0, 0, 0, 0, 0, 174, 0, 0, 216, 0, 0, 0, 0, 0, 0, 114, 0, 220, 0, 0, 0, 0, 0, 0, 0],
        [159, 0, 0, 0, 0, 0, 0, 0, 0, 0, 0, 0, 0, 0, 0, 0, 0, 0, 0, 0, 127, 0, 0, 0, 0, 0, 0, 0, 0, 0, 0, 0, 0, 0, 0, 0, 196, 0, 191, 0, 57, 0, 0, 0, 0, 210, 0, 189, 0, 0, 156, 0, 0, 0, 214, 0, 215, 0, 0, 0, 174, 0, 0, 216, 0, 217, 0, 0, 0, 0, 114, 0, 220, 0, 0, 0, 0, 0, 0, 0],
        [17, 0, 0, 0, 0, 0, 0, 0, 0, 0, 135, 0, 0, 40, 130, 173, 176, 220, 0, 0, 0, 0, 0, 0, 0, 0, 0, 200, 0, 0, 142, 150, 141, 172, 175, 0, 196, 0, 0, 0, 7, 0, 0, 0, 0, 207, 0, 0, 0, 0, 45, 0, 0, 0, 214, 0, 0, 0, 0, 0, 174, 0, 0, 216, 0, 0, 0, 0, 0, 0, 114, 0, 220, 0, 0, 0, 0, 0, 0, 0],
        [145, 0, 0, 0, 0, 0, 0, 0, 0, 0, 0, 0, 0, 0, 0, 0, 0, 0, 0, 0, 0, 0, 0, 0, 0, 0, 0, 0, 0, 0, 149, 150, 141, 172, 175, 0, 196, 0, 0, 0, 7, 0, 0, 0, 0, 207, 0, 0, 0, 0, 45, 0, 0, 0, 214, 0, 0, 0, 0, 0, 174, 0, 0, 216, 0, 0, 0, 0, 0, 0, 114, 0, 220, 0, 0, 0, 0, 0, 0, 0],
        [5, 0, 0, 0, 0, 0, 0, 0, 0, 0, 27, 67, 0, 0, 0, 173, 176, 220, 180, 0, 164, 0, 0, 0, 0, 0, 0, 0, 0, 0, 0, 0, 0, 0, 0, 0, 0, 0, 0, 0, 0, 0, 0, 0, 0, 209, 0, 192, 0, 0, 44, 0, 0, 0, 214, 0, 215, 0, 0, 0, 174, 0, 0, 216, 0, 217, 0, 0, 0, 0, 114, 0, 220, 0, 0, 0, 0, 0, 0, 0],
        [0, 0, 0, 0, 0, 0, 0, 0, 0, 0, 163, 0, 0, 40, 130, 173, 176, 220, 0, 0, 163, 0, 0, 0, 0, 0, 0, 0, 0, 0, 0, 0, 0, 0, 0, 0, 0, 0, 191, 0, 57, 0, 0, 0, 0, 0, 0, 189, 0, 0, 44, 0, 0, 0, 0, 0, 215, 0, 0, 0, 174, 0, 0, 0, 0, 217, 0, 0, 0, 0, 114, 0, 0, 0, 0, 0, 0, 0, 0, 0],
        [121, 0, 0, 0, 0, 0, 0, 0, 0, 0, 152, 15, 0, 0, 130, 173, 176, 220, 0, 0, 164, 0, 0, 0, 0, 0, 0, 0, 0, 0, 0, 0, 0, 0, 0, 0, 0, 0, 0, 0, 0, 0, 0, 0, 0, 207, 0, 192, 0, 0, 44, 0, 0, 0, 214, 0, 215, 0, 0, 0, 174, 0, 0, 216, 0, 217, 0, 0, 0, 0, 114, 0, 220, 0, 0, 0, 0, 0, 0, 0],
        [123, 0, 0, 0, 0, 0, 0, 0, 0, 0, 0, 0, 0, 0, 0, 0, 0, 0, 0, 0, 165, 0, 0, 0, 0, 0, 0, 0, 0, 0, 0, 0, 0, 0, 0, 0, 196, 0, 0, 0, 71, 0, 0, 0, 0, 207, 0, 189, 0, 0, 44, 0, 0, 0, 214, 0, 215, 0, 0, 0, 174, 0, 0, 216, 0, 217, 0, 0, 0, 0, 114, 0, 220, 0, 0, 0, 0, 0, 0, 0],
        [123, 0, 0, 0, 0, 0, 0, 0, 0, 0, 131, 15, 0, 40, 130, 173, 176, 220, 0, 0, 166, 0, 0, 0, 0, 0, 0, 0, 0, 0, 0, 0, 0, 0, 0, 0, 196, 0, 0, 0, 71, 0, 0, 0, 0, 207, 0, 189, 0, 0, 44, 0, 0, 0, 214, 0, 215, 0, 0, 0, 174, 0, 0, 216, 0, 217, 0, 0, 0, 0, 114, 0, 220, 0, 0, 0, 0, 0, 0, 0],
        [0, 0, 0, 0, 0, 0, 0, 0, 0, 0, 163, 0, 0, 40, 130, 173, 176, 220, 0, 0, 167, 0, 0, 0, 0, 0, 0, 0, 0, 0, 0, 0, 0, 0, 0, 0, 0, 0, 0, 0, 71, 0, 0, 0, 0, 0, 0, 189, 0, 0, 44, 0, 0, 0, 0, 0, 215, 0, 0, 0, 174, 0, 0, 0, 0, 217, 0, 0, 0, 0, 114, 0, 0, 0, 0, 0, 0, 0, 0, 0],
        [123, 0, 0, 0, 0, 0, 0, 0, 0, 0, 131, 15, 0, 40, 130, 173, 176, 220, 0, 0, 168, 0, 0, 0, 0, 0, 0, 0, 0, 0, 0, 0, 0, 0, 0, 0, 196, 0, 191, 0, 57, 0, 0, 0, 0, 207, 0, 189, 0, 0, 44, 0, 0, 0, 214, 0, 215, 0, 0, 0, 174, 0, 0, 216, 0, 217, 0, 0, 0, 0, 114, 0, 220, 0, 0, 0, 0, 0, 0, 0],
        [17, 0, 0, 0, 0, 0, 0, 0, 0, 0, 135, 0, 0, 40, 130, 173, 176, 220, 0, 0, 0, 0, 0, 0, 0, 0, 0, 200, 0, 0, 169, 150, 0, 172, 175, 0, 196, 0, 0, 0, 7, 0, 0, 0, 0, 207, 0, 0, 0, 0, 162, 0, 0, 0, 214, 0, 0, 0, 0, 0, 174, 0, 0, 216, 0, 0, 0, 0, 0, 0, 114, 0, 220, 0, 0, 0, 0, 0, 0, 0],
        [0, 0, 0, 0, 0, 0, 0, 0, 0, 0, 135, 0, 0, 40, 130, 173, 176, 220, 0, 0, 0, 0, 0, 0, 0, 0, 0, 0, 0, 0, 170, 150, 0, 172, 175, 0, 0, 0, 0, 0, 7, 0, 0, 0, 0, 0, 0, 0, 0, 0, 162, 0, 0, 0, 0, 0, 0, 0, 0, 0, 174, 0, 0, 0, 0, 0, 0, 0, 0, 0, 114, 0, 0, 0, 0, 0, 0, 0, 0, 0],
        [145, 0, 0, 0, 0, 0, 0, 0, 0, 0, 0, 0, 0, 0, 0, 0, 0, 0, 0, 0, 0, 0, 0, 0, 0, 0, 0, 0, 0, 0, 171, 150, 0, 172, 175, 0, 196, 0, 0, 0, 7, 0, 0, 0, 0, 207, 0, 0, 0, 0, 162, 0, 0, 0, 214, 0, 0, 0, 0, 0, 174, 0, 0, 216, 0, 0, 0, 0, 0, 0, 114, 0, 220, 0, 0, 0, 0, 0, 0, 0],
        [0, 0, 0, 0, 0, 0, 0, 0, 0, 0, 0, 0, 0, 0, 0, 0, 0, 0, 0, 0, 0, 0, 0, 0, 0, 0, 0, 0, 0, 0, 0, 0, 0, 0, 0, 0, 0, 0, 0, 0, 0, 0, 0, 0, 0, 0, 0, 0, 0, 0, 0, 0, 0, 0, 0, 0, 0, 0, 64, 141, 172, 0, 0, 0, 0, 0, 0, 0, 0, 0, 0, 0, 0, 0, 0, 0, 0, 0, 0, 0],
        [0, 0, 0, 0, 0, 0, 0, 0, 0, 0, 0, 0, 0, 0, 0, 0, 0, 0, 0, 0, 0, 0, 0, 0, 0, 0, 0, 0, 0, 0, 0, 0, 0, 0, 0, 0, 0, 0, 0, 0, 0, 0, 0, 0, 0, 0, 0, 0, 0, 0, 0, 0, 0, 0, 0, 0, 0, 0, 40, 130, 173, 0, 220, 0, 0, 0, 0, 0, 0, 0, 0, 0, 0, 0, 0, 0, 0, 0, 0, 0],
        [0, 0, 0, 0, 0, 0, 0, 0, 0, 0, 0, 0, 0, 0, 0, 0, 0, 0, 0, 0, 0, 0, 0, 0, 0, 0, 0, 0, 0, 0, 0, 0, 0, 0, 0, 0, 0, 0, 0, 0, 57, 0, 0, 0, 0, 0, 0, 0, 0, 0, 44, 0, 0, 0, 0, 0, 0, 0, 0, 0, 174, 0, 0, 0, 0, 0, 0, 0, 0, 0, 0, 0, 0, 0, 0, 0, 0, 0, 0, 0],
        [0, 0, 0, 0, 0, 0, 0, 0, 0, 0, 0, 0, 0, 0, 0, 0, 0, 0, 0, 0, 0, 0, 0, 0, 0, 0, 0, 0, 0, 0, 0, 0, 0, 0, 0, 0, 0, 0, 0, 0, 0, 0, 0, 0, 0, 0, 0, 0, 0, 0, 0, 0, 0, 0, 0, 0, 0, 0, 0, 0, 0, 0, 0, 0, 0, 0, 0, 64, 141, 0, 175, 0, 0, 0, 0, 0, 0, 0, 0, 0],
        [0, 0, 0, 0, 0, 0, 0, 0, 0, 0, 0, 0, 0, 0, 0, 0, 0, 0, 0, 0, 0, 0, 0, 0, 0, 0, 0, 0, 0, 0, 0, 0, 0, 0, 0, 0, 0, 0, 0, 0, 0, 0, 0, 0, 0, 0, 0, 0, 0, 0, 0, 0, 0, 0, 0, 0, 0, 0, 0, 0, 0, 0, 0, 0, 0, 0, 0, 40, 130, 0, 176, 220, 0, 0, 0, 0, 0, 0, 0, 0],
        [0, 0, 0, 0, 0, 0, 0, 0, 0, 0, 0, 0, 0, 0, 0, 0, 0, 0, 0, 0, 180, 0, 0, 0, 0, 0, 0, 0, 0, 0, 0, 0, 0, 0, 0, 0, 0, 0, 196, 0, 0, 0, 0, 0, 0, 0, 0, 207, 0, 0, 0, 0, 0, 0, 0, 0, 214, 0, 0, 0, 0, 0, 0, 0, 0, 216, 0, 0, 0, 0, 0, 0, 0, 0, 220, 0, 0, 0, 0, 0],
        [0, 0, 0, 0, 0, 0, 0, 0, 0, 0, 0, 0, 0, 0, 0, 0, 0, 0, 177, 0, 0, 0, 0, 0, 0, 0, 0, 0, 0, 0, 0, 0, 0, 0, 0, 0, 0, 0, 0, 0, 0, 0, 0, 0, 0, 0, 0, 0, 0, 0, 0, 0, 0, 0, 0, 0, 0, 0, 0, 0, 0, 0, 0, 0, 0, 0, 0, 0, 0, 0, 0, 0, 0, 0, 0, 0, 0, 0, 0, 0],
        [178, 0, 0, 0, 0, 0, 0, 0, 0, 0, 0, 0, 0, 0, 0, 0, 0, 0, 0, 0, 0, 0, 0, 0, 0, 0, 0, 0, 0, 0, 0, 0, 0, 0, 0, 0, 191, 0, 0, 0, 0, 0, 0, 0, 0, 189, 0, 0, 0, 0, 0, 0, 0, 0, 215, 0, 0, 0, 0, 0, 0, 0, 0, 217, 0, 0, 0, 0, 0, 0, 0, 0, 0, 0, 0, 0, 0, 0, 0, 0],
        [0, 0, 179, 0, 0, 0, 0, 0, 0, 0, 0, 0, 0, 0, 0, 0, 0, 0, 0, 0, 0, 0, 0, 0, 0, 0, 0, 0, 0, 0, 0, 0, 0, 0, 0, 0, 0, 0, 0, 0, 0, 0, 0, 0, 0, 0, 0, 0, 0, 0, 0, 0, 0, 0, 0, 0, 0, 0, 0, 0, 0, 0, 0, 0, 0, 0, 0, 0, 0, 0, 0, 0, 0, 0, 0, 0, 0, 0, 0, 0],
        [0, 0, 0, 0, 178, 0, 0, 0, 0, 0, 0, 0, 0, 213, 0, 0, 0, 0, 0, 0, 0, 0, 0, 0, 0, 0, 0, 0, 0, 0, 0, 0, 0, 0, 0, 0, 0, 0, 0, 0, 191, 0, 0, 0, 0, 0, 0, 0, 0, 0, 0, 0, 0, 0, 0, 0, 0, 0, 215, 0, 0, 0, 0, 0, 0, 0, 0, 217, 0, 0, 0, 0, 0, 0, 0, 0, 0, 0, 0, 0],
        [0, 0, 0, 0, 0, 178, 0, 0, 0, 0, 0, 0, 0, 0, 213, 0, 0, 0, 0, 0, 0, 0, 0, 0, 0, 0, 0, 0, 0, 0, 0, 0, 0, 0, 0, 0, 0, 0, 0, 0, 0, 0, 0, 0, 0, 0, 0, 0, 182, 0, 192, 0, 0, 0, 0, 0, 0, 0, 0, 215, 0, 0, 0, 0, 0, 0, 0, 0, 217, 0, 0, 0, 0, 0, 0, 0, 0, 0, 0, 0],
        [0, 0, 0, 0, 0, 0, 0, 0, 0, 0, 0, 0, 0, 0, 0, 0, 0, 0, 0, 0, 0, 0, 180, 0, 0, 0, 0, 0, 0, 0, 0, 198, 0, 0, 0, 0, 0, 0, 0, 0, 196, 0, 0, 0, 0, 0, 0, 0, 0, 0, 0, 0, 0, 0, 0, 0, 0, 0, 214, 0, 0, 0, 0, 0, 0, 0, 0, 216, 0, 0, 0, 0, 0, 0, 0, 0, 220, 0, 0, 0],
        [0, 0, 0, 0, 0, 0, 0, 0, 0, 0, 0, 0, 0, 0, 0, 0, 0, 0, 0, 0, 0, 0, 0, 180, 0, 0, 0, 0, 0, 0, 0, 0, 198, 0, 0, 0, 0, 0, 0, 0, 0, 0, 0, 0, 0, 0, 184, 0, 0, 0, 209, 0, 0, 0, 0, 0, 0, 0, 0, 214, 0, 0, 0, 0, 0, 0, 0, 0, 216, 0, 0, 0, 0, 0, 0, 0, 0, 220, 0, 0],
        [0, 0, 0, 0, 0, 0, 0, 0, 0, 0, 0, 0, 0, 0, 0, 0, 0, 0, 0, 0, 0, 0, 0, 0, 0, 0, 0, 0, 0, 0, 0, 0, 0, 0, 0, 0, 186, 0, 0, 0, 0, 0, 0, 0, 0, 0, 184, 0, 0, 0, 0, 0, 0, 0, 0, 0, 0, 0, 0, 0, 0, 0, 0, 0, 0, 0, 0, 0, 0, 0, 0, 0, 0, 0, 0, 0, 0, 0, 0, 0],
        [0, 0, 0, 0, 0, 0, 0, 0, 0, 0, 0, 0, 0, 0, 0, 0, 0, 0, 0, 0, 0, 0, 0, 180, 0, 0, 0, 0, 0, 0, 0, 0, 198, 0, 0, 0, 186, 0, 0, 0, 0, 0, 0, 0, 0, 0, 0, 0, 0, 0, 0, 0, 0, 0, 0, 0, 0, 0, 0, 214, 0, 0, 0, 0, 0, 0, 0, 0, 216, 0, 0, 0, 0, 0, 0, 0, 0, 220, 0, 0],
        [0, 0, 194, 0, 0, 0, 0, 0, 0, 0, 0, 185, 0, 0, 0, 0, 0, 0, 0, 0, 211, 0, 0, 0, 0, 0, 0, 0, 0, 0, 0, 0, 0, 0, 0, 0, 0, 0, 0, 0, 0, 0, 0, 0, 0, 0, 0, 0, 0, 0, 0, 0, 0, 0, 0, 0, 0, 0, 0, 0, 0, 0, 0, 0, 0, 0, 0, 0, 0, 0, 0, 0, 0, 0, 0, 0, 0, 0, 0, 0],
        [0, 0, 0, 194, 0, 0, 0, 0, 0, 0, 0, 0, 185, 0, 0, 0, 0, 0, 0, 0, 0, 0, 0, 0, 0, 0, 0, 0, 0, 0, 219, 0, 188, 0, 0, 0, 0, 0, 0, 0, 0, 0, 0, 0, 0, 0, 0, 0, 0, 0, 0, 0, 0, 0, 0, 0, 0, 0, 0, 0, 0, 0, 0, 0, 0, 0, 0, 0, 0, 0, 0, 0, 0, 0, 0, 0, 0, 0, 0, 0],
        [0, 0, 0, 0, 0, 0, 0, 0, 0, 0, 0, 0, 0, 0, 0, 0, 0, 0, 0, 0, 0, 0, 190, 0, 0, 0, 0, 0, 0, 0, 0, 0, 188, 0, 0, 0, 0, 0, 0, 0, 0, 0, 0, 0, 0, 0, 0, 0, 0, 0, 0, 0, 0, 0, 0, 0, 0, 0, 0, 0, 0, 0, 0, 0, 0, 0, 0, 0, 0, 0, 0, 0, 0, 0, 0, 0, 0, 0, 0, 0],
        [0, 0, 0, 194, 0, 0, 0, 0, 0, 0, 0, 0, 185, 0, 0, 0, 0, 0, 0, 0, 0, 0, 190, 0, 0, 0, 0, 0, 0, 0, 0, 0, 0, 0, 0, 0, 0, 0, 0, 0, 0, 0, 0, 0, 0, 0, 0, 0, 0, 0, 0, 0, 0, 0, 0, 0, 0, 0, 0, 0, 0, 0, 0, 0, 0, 0, 0, 0, 0, 0, 0, 0, 0, 0, 0, 0, 0, 0, 0, 0],
        [0, 0, 0, 0, 0, 0, 0, 0, 0, 0, 0, 0, 0, 0, 0, 0, 0, 0, 0, 0, 0, 0, 187, 0, 0, 0, 0, 0, 0, 0, 0, 0, 0, 0, 0, 0, 0, 0, 0, 0, 0, 0, 0, 0, 0, 0, 0, 0, 0, 0, 0, 0, 0, 0, 0, 0, 0, 0, 0, 0, 0, 0, 0, 0, 0, 0, 0, 0, 0, 0, 0, 0, 0, 0, 0, 0, 0, 0, 0, 0],
        [0, 0, 0, 0, 0, 0, 0, 0, 0, 0, 0, 0, 0, 0, 0, 0, 0, 0, 0, 0, 0, 0, 0, 0, 0, 0, 0, 0, 0, 0, 0, 0, 188, 0, 0, 0, 0, 0, 0, 0, 0, 0, 0, 0, 0, 0, 0, 0, 0, 0, 0, 0, 0, 0, 0, 0, 0, 0, 0, 0, 0, 0, 0, 0, 0, 0, 0, 0, 0, 0, 0, 0, 0, 0, 0, 0, 0, 0, 0, 0],
        [0, 0, 0, 0, 0, 0, 0, 0, 0, 0, 0, 0, 0, 0, 0, 0, 0, 0, 0, 0, 0, 0, 190, 0, 0, 0, 0, 0, 0, 0, 0, 0, 0, 0, 0, 0, 0, 0, 0, 0, 0, 0, 0, 0, 0, 0, 0, 0, 0, 0, 0, 0, 0, 0, 0, 0, 0, 0, 0, 0, 0, 0, 0, 0, 0, 0, 0, 0, 0, 0, 0, 0, 0, 0, 0, 0, 0, 0, 0, 0],
        [0, 0, 0, 0, 0, 0, 0, 0, 0, 0, 0, 0, 0, 0, 0, 0, 0, 0, 0, 0, 0, 0, 0, 0, 0, 0, 0, 0, 0, 0, 0, 0, 0, 0, 0, 0, 183, 0, 0, 0, 0, 0, 0, 0, 0, 0, 0, 0, 0, 0, 0, 0, 0, 0, 0, 0, 0, 0, 0, 0, 0, 0, 0, 0, 0, 0, 0, 0, 0, 0, 0, 0, 0, 0, 0, 0, 0, 0, 0, 0],
        [194, 0, 0, 0, 0, 0, 0, 0, 0, 0, 0, 0, 0, 0, 0, 0, 0, 0, 211, 0, 0, 0, 0, 0, 0, 0, 0, 204, 0, 0, 0, 0, 0, 0, 0, 0, 0, 0, 0, 0, 0, 0, 0, 0, 0, 0, 0, 0, 0, 0, 0, 0, 0, 0, 0, 0, 0, 0, 0, 0, 0, 0, 0, 0, 0, 0, 0, 0, 0, 0, 0, 0, 0, 0, 0, 0, 0, 0, 0, 0],
        [0, 0, 0, 0, 195, 0, 0, 0, 0, 0, 0, 0, 0, 0, 0, 0, 0, 0, 0, 0, 0, 0, 0, 0, 0, 0, 0, 0, 0, 0, 0, 0, 0, 0, 0, 0, 0, 0, 0, 0, 0, 0, 0, 0, 0, 0, 0, 0, 0, 0, 0, 0, 0, 0, 0, 0, 0, 0, 0, 0, 0, 0, 0, 0, 0, 0, 0, 0, 0, 0, 0, 0, 0, 0, 0, 0, 0, 0, 0, 0],
        [0, 0, 0, 0, 0, 0, 0, 0, 0, 0, 203, 0, 197, 0, 0, 0, 0, 0, 0, 0, 0, 0, 0, 0, 0, 0, 0, 0, 0, 0, 0, 0, 0, 0, 0, 0, 0, 191, 0, 0, 0, 0, 0, 0, 0, 0, 189, 0, 0, 0, 0, 0, 0, 0, 0, 215, 0, 0, 0, 0, 0, 0, 0, 0, 217, 0, 0, 0, 0, 0, 0, 0, 0, 0, 0, 0, 0, 0, 0, 0],
        [0, 0, 199, 0, 0, 0, 0, 0, 0, 0, 0, 0, 197, 0, 0, 0, 0, 0, 0, 0, 0, 0, 0, 0, 0, 0, 0, 0, 0, 0, 0, 0, 0, 0, 0, 0, 0, 0, 0, 0, 0, 0, 0, 0, 0, 0, 0, 0, 0, 0, 0, 0, 0, 0, 0, 0, 0, 0, 0, 0, 0, 0, 0, 0, 0, 0, 0, 0, 0, 0, 0, 0, 0, 0, 0, 0, 0, 0, 0, 0],
        [0, 0, 199, 0, 0, 0, 0, 0, 0, 0, 0, 0, 0, 0, 0, 0, 0, 0, 0, 0, 0, 0, 0, 0, 0, 0, 0, 0, 0, 0, 0, 0, 0, 0, 0, 0, 0, 191, 0, 0, 0, 0, 0, 0, 0, 0, 189, 0, 0, 0, 0, 0, 0, 0, 0, 215, 0, 0, 0, 0, 0, 0, 0, 0, 217, 0, 0, 0, 0, 0, 0, 0, 0, 0, 0, 0, 0, 0, 0, 0],
        [0, 0, 0, 0, 0, 0, 0, 0, 0, 0, 0, 0, 197, 0, 0, 0, 0, 0, 0, 0, 0, 0, 0, 0, 0, 0, 0, 0, 0, 0, 0, 0, 0, 0, 0, 0, 0, 0, 0, 0, 0, 0, 0, 0, 0, 0, 0, 0, 0, 0, 0, 0, 0, 0, 0, 0, 0, 0, 0, 0, 0, 0, 0, 0, 0, 0, 0, 0, 0, 0, 0, 0, 0, 0, 0, 0, 0, 0, 0, 0],
        [0, 0, 199, 0, 0, 0, 0, 0, 0, 0, 0, 0, 0, 0, 0, 0, 0, 0, 0, 0, 0, 0, 0, 0, 0, 0, 0, 0, 0, 0, 0, 0, 0, 0, 0, 0, 0, 0, 0, 0, 0, 0, 0, 0, 0, 0, 0, 0, 0, 0, 0, 0, 0, 0, 0, 0, 0, 0, 0, 0, 0, 0, 0, 0, 0, 0, 0, 0, 0, 0, 0, 0, 0, 0, 0, 0, 0, 0, 0, 0],
        [0, 0, 0, 0, 0, 0, 0, 0, 0, 0, 0, 0, 0, 0, 0, 0, 0, 0, 0, 0, 0, 0, 0, 0, 0, 0, 0, 0, 202, 0, 200, 0, 0, 0, 0, 0, 0, 0, 0, 196, 0, 0, 0, 0, 0, 0, 0, 0, 207, 0, 0, 0, 0, 0, 0, 0, 0, 214, 0, 0, 0, 0, 0, 0, 0, 0, 216, 0, 0, 0, 0, 0, 0, 0, 0, 220, 0, 0, 0, 0],
        [0, 0, 0, 0, 0, 0, 0, 0, 0, 0, 0, 0, 0, 0, 0, 0, 0, 0, 0, 0, 0, 0, 0, 0, 0, 0, 0, 0, 202, 0, 0, 0, 0, 0, 0, 0, 0, 0, 0, 0, 0, 0, 0, 0, 0, 0, 0, 0, 0, 0, 0, 0, 0, 0, 0, 0, 0, 0, 0, 0, 0, 0, 0, 0, 0, 0, 0, 0, 0, 0, 0, 0, 0, 0, 0, 0, 0, 0, 0, 0],
        [0, 0, 0, 0, 0, 0, 0, 0, 0, 0, 0, 0, 0, 0, 0, 0, 0, 0, 0, 0, 0, 0, 0, 0, 0, 0, 0, 0, 0, 0, 0, 0, 0, 0, 0, 0, 0, 0, 205, 0, 0, 0, 0, 0, 0, 0, 0, 0, 182, 0, 0, 0, 0, 0, 0, 0, 0, 0, 0, 0, 0, 0, 0, 0, 0, 0, 0, 0, 0, 0, 0, 0, 0, 0, 0, 0, 0, 0, 0, 0],
        [0, 0, 0, 0, 0, 178, 0, 0, 0, 0, 0, 0, 0, 0, 213, 0, 0, 0, 0, 0, 0, 0, 0, 0, 0, 0, 0, 0, 0, 0, 0, 0, 0, 0, 0, 0, 0, 0, 205, 0, 0, 0, 0, 0, 0, 0, 0, 0, 0, 0, 0, 0, 0, 0, 0, 0, 0, 0, 0, 215, 0, 0, 0, 0, 0, 0, 0, 0, 217, 0, 0, 0, 0, 0, 0, 0, 0, 0, 0, 0],
        [0, 0, 0, 0, 206, 0, 0, 0, 0, 0, 0, 0, 0, 0, 0, 0, 0, 0, 0, 211, 0, 0, 0, 0, 0, 0, 0, 0, 204, 0, 0, 0, 0, 0, 0, 0, 0, 0, 0, 0, 0, 0, 0, 0, 0, 0, 0, 0, 0, 0, 0, 0, 0, 0, 0, 0, 0, 0, 0, 0, 0, 0, 0, 0, 0, 0, 0, 0, 0, 0, 0, 0, 0, 0, 0, 0, 0, 0, 0, 0],
        [0, 0, 0, 0, 206, 0, 0, 0, 0, 0, 0, 0, 0, 0, 208, 0, 0, 0, 0, 0, 0, 0, 0, 0, 0, 0, 0, 0, 0, 0, 0, 0, 0, 0, 0, 0, 0, 0, 0, 0, 0, 0, 0, 0, 0, 0, 0, 0, 0, 0, 0, 0, 0, 0, 0, 0, 0, 0, 0, 0, 0, 0, 0, 0, 0, 0, 0, 0, 0, 0, 0, 0, 0, 0, 0, 0, 0, 0, 0, 0],
        [0, 0, 0, 0, 0, 0, 0, 0, 0, 0, 218, 0, 0, 0, 208, 0, 0, 0, 0, 211, 0, 0, 0, 0, 0, 0, 0, 0, 204, 0, 0, 0, 0, 0, 0, 0, 0, 0, 0, 0, 0, 0, 0, 0, 0, 0, 0, 0, 0, 0, 0, 0, 0, 0, 0, 0, 0, 0, 0, 0, 0, 0, 0, 0, 0, 0, 0, 0, 0, 0, 0, 0, 0, 0, 0, 0, 0, 0, 0, 0],
        [0, 0, 0, 0, 0, 0, 0, 0, 0, 0, 0, 0, 0, 0, 208, 0, 0, 0, 0, 0, 0, 0, 0, 0, 0, 0, 0, 0, 0, 0, 0, 0, 0, 0, 0, 0, 0, 0, 0, 0, 0, 0, 0, 0, 0, 0, 0, 0, 0, 0, 0, 0, 0, 0, 0, 0, 0, 0, 0, 0, 0, 0, 0, 0, 0, 0, 0, 0, 0, 0, 0, 0, 0, 0, 0, 0, 0, 0, 0, 0],
        [0, 0, 0, 0, 206, 0, 0, 0, 0, 0, 0, 0, 0, 0, 0, 0, 0, 0, 0, 0, 0, 0, 0, 0, 0, 0, 0, 0, 0, 0, 0, 0, 0, 0, 0, 0, 0, 0, 0, 0, 0, 0, 0, 0, 0, 0, 0, 0, 0, 0, 0, 0, 0, 0, 0, 0, 0, 0, 0, 0, 0, 0, 0, 0, 0, 0, 0, 0, 0, 0, 0, 0, 0, 0, 0, 0, 0, 0, 0, 0],
        [0, 0, 0, 0, 0, 0, 0, 0, 0, 0, 0, 0, 0, 0, 0, 0, 0, 0, 0, 0, 0, 0, 0, 0, 0, 0, 0, 0, 0, 0, 0, 0, 0, 0, 0, 0, 0, 0, 181, 0, 0, 0, 0, 0, 0, 0, 0, 0, 0, 0, 0, 0, 0, 0, 0, 0, 0, 0, 0, 0, 0, 0, 0, 0, 0, 0, 0, 0, 0, 0, 0, 0, 0, 0, 0, 0, 0, 0, 0, 0],
        [0, 0, 0, 0, 0, 0, 0, 0, 0, 0, 0, 0, 0, 0, 0, 0, 0, 0, 212, 0, 0, 0, 0, 0, 0, 0, 0, 0, 0, 0, 0, 0, 0, 0, 0, 0, 0, 0, 0, 196, 0, 0, 0, 0, 0, 0, 0, 0, 207, 0, 0, 0, 0, 0, 0, 0, 0, 214, 0, 0, 0, 0, 0, 0, 0, 0, 216, 0, 0, 0, 0, 0, 0, 0, 0, 220, 0, 0, 0, 0],
        [0, 0, 0, 0, 0, 0, 0, 0, 0, 0, 0, 0, 0, 0, 0, 0, 0, 0, 212, 0, 0, 0, 0, 0, 0, 0, 0, 0, 202, 0, 0, 0, 0, 0, 0, 0, 0, 0, 0, 0, 0, 0, 0, 0, 0, 0, 0, 0, 0, 0, 0, 0, 0, 0, 0, 0, 0, 0, 0, 0, 0, 0, 0, 0, 0, 0, 0, 0, 0, 0, 0, 0, 0, 0, 0, 0, 0, 0, 0, 0],
        [0, 0, 0, 0, 0, 0, 0, 0, 0, 0, 0, 0, 0, 0, 0, 0, 0, 0, 0, 0, 0, 0, 0, 0, 0, 0, 0, 0, 0, 0, 0, 0, 0, 0, 0, 0, 0, 0, 0, 0, 0, 0, 196, 0, 0, 0, 0, 0, 0, 0, 0, 207, 0, 0, 0, 0, 0, 0, 0, 0, 214, 0, 0, 0, 0, 0, 0, 0, 0, 0, 0, 0, 0, 0, 0, 0, 0, 0, 220, 0],
        [0, 0, 0, 0, 0, 0, 0, 0, 0, 0, 0, 0, 0, 0, 0, 0, 0, 0, 0, 0, 0, 0, 0, 0, 0, 0, 0, 0, 0, 0, 0, 0, 0, 0, 0, 0, 0, 0, 0, 0, 0, 0, 191, 0, 0, 0, 0, 0, 0, 0, 0, 189, 0, 0, 0, 0, 0, 0, 0, 0, 215, 0, 0, 0, 0, 0, 0, 0, 0, 0, 0, 0, 0, 0, 0, 0, 0, 0, 0, 0],
        [0, 0, 0, 0, 0, 0, 0, 0, 0, 0, 0, 0, 0, 0, 0, 0, 0, 0, 0, 0, 0, 0, 0, 0, 0, 0, 0, 0, 0, 0, 0, 0, 0, 0, 0, 0, 0, 0, 0, 0, 0, 0, 0, 196, 0, 0, 0, 0, 0, 0, 0, 0, 207, 0, 0, 0, 0, 0, 0, 0, 0, 0, 0, 0, 0, 0, 0, 0, 0, 0, 216, 0, 0, 0, 0, 0, 0, 0, 0, 220],
        [0, 0, 0, 0, 0, 0, 0, 0, 0, 0, 0, 0, 0, 0, 0, 0, 0, 0, 0, 0, 0, 0, 0, 0, 0, 0, 0, 0, 0, 0, 0, 0, 0, 0, 0, 0, 0, 0, 0, 0, 0, 0, 0, 191, 0, 0, 0, 0, 0, 0, 0, 0, 189, 0, 0, 0, 0, 0, 0, 0, 0, 0, 0, 0, 0, 0, 0, 0, 0, 0, 217, 0, 0, 0, 0, 0, 0, 0, 0, 0],
        [0, 0, 0, 0, 0, 0, 0, 0, 0, 0, 0, 0, 0, 0, 0, 0, 0, 0, 0, 0, 0, 0, 0, 0, 0, 0, 0, 0, 0, 0, 0, 0, 0, 0, 0, 0, 0, 0, 0, 0, 0, 0, 0, 0, 0, 0, 184, 0, 0, 0, 0, 0, 0, 0, 0, 0, 0, 0, 0, 0, 0, 0, 0, 0, 0, 0, 0, 0, 0, 0, 0, 0, 0, 0, 0, 0, 0, 0, 0, 0],
        [0, 0, 0, 0, 0, 0, 0, 0, 0, 0, 0, 0, 0, 0, 0, 0, 0, 0, 0, 0, 0, 0, 0, 0, 0, 0, 0, 0, 0, 0, 0, 0, 0, 0, 0, 0, 0, 0, 0, 0, 0, 0, 0, 0, 0, 0, 0, 0, 182, 0, 0, 0, 0, 0, 0, 0, 0, 0, 0, 0, 0, 0, 0, 0, 0, 0, 0, 0, 0, 0, 0, 0, 0, 0, 0, 0, 0, 0, 0, 0],
        [0, 0, 0, 0, 0, 0, 0, 0, 0, 0, 0, 0, 0, 0, 0, 0, 0, 0, 0, 0, 0, 0, 0, 0, 0, 0, 0, 0, 0, 0, 0, 0, 0, 0, 0, 0, 0, 0, 0, 0, 0, 0, 0, 0, 0, 0, 0, 0, 0, 0, 0, 0, 0, 0, 0, 0, 0, 0, 0, 0, 0, 0, 0, 0, 0, 0, 0, 0, 0, 0, 0, 0, 0, 0, 0, 0, 0, 0, 0, 0]] 
)
);