_RWS_concat := rec(
           isFSA := true,
        alphabet := rec(
                type := "identifiers",
                size := 12,
              format := "dense",
               names := [a,A,b,B,c,C,t0,T0,t1,T1,t2,T2]
               ),
          states := rec(
                type := "simple",
                size := 14
               ),
           flags := ["DFA","minimized","BFS","accessible","trim"],
         initial := [1],
       accepting := [1..14],
           table := rec(
              format := "dense deterministic",
      numTransitions := 116,
         transitions := [[2,0,3,4,5,6,2,2,7,7,8,8],
                         [0,0,3,4,5,6,2,2,7,7,8,8],
                         [0,0,9,0,5,6,2,2,7,7,8,8],
                         [0,0,0,10,5,6,2,2,7,7,8,8],
                         [0,0,0,0,6,0,2,2,7,7,8,8],
                         [0,0,0,0,0,0,2,2,7,7,8,8],
                         [10,0,0,0,5,6,2,2,7,7,8,8],
                         [11,0,12,13,0,0,2,2,7,7,8,8],
                         [0,0,10,0,5,6,2,2,7,7,8,8],
                         [0,0,0,0,5,6,2,2,7,7,8,8],
                         [0,0,12,13,0,0,2,2,7,7,8,8],
                         [0,0,14,0,0,0,2,2,7,7,8,8],
                         [0,0,0,6,0,0,2,2,7,7,8,8],
                         [0,0,6,0,0,0,2,2,7,7,8,8] 
                        ]
               )
);
