_RWS.mult := rec(
        isFSA := true,
        alphabet := rec(
                type := "identifiers", 
                size := 6,
                format := "dense",
                names := [a,A,b,B,t0,T0]
                ),
        states := rec(
                type := "simple",
                size := 33
                ),
        flags := ["DFA"],
        initial := [1],
        accepting := [1, 2, 3, 4, 5, 6, 7, 8, 9, 10, 13, 14, 15, 20, 22, 24, 26, 27, 28, 29, 30, 31, 32, 33],
        table := rec(
        format := "dense deterministic",
        numTransitions := 94,
        transitions := 
[        [2, 3, 4, 5, 6, 7],
        [2, 0, 4, 5, 6, 7],
        [0, 3, 26, 27, 6, 28],
        [0, 0, 4, 0, 6, 7],
        [0, 0, 0, 5, 29, 7],
        [0, 0, 4, 5, 6, 0],
        [30, 31, 0, 0, 0, 7],
        [8, 0, 0, 0, 18, 7],
        [0, 9, 0, 0, 18, 28],
        [0, 0, 10, 0, 0, 19],
        [0, 0, 11, 0, 6, 13],
        [0, 0, 0, 12, 29, 13],
        [8, 9, 0, 0, 0, 7],
        [0, 0, 0, 14, 0, 19],
        [0, 0, 10, 14, 0, 0],
        [16, 0, 0, 0, 15, 0],
        [0, 17, 0, 0, 15, 0],
        [0, 0, 11, 12, 6, 0],
        [16, 17, 0, 0, 0, 0],
        [0, 0, 20, 0, 0, 21],
        [23, 25, 0, 0, 0, 0],
        [0, 0, 0, 22, 0, 21],
        [23, 0, 0, 0, 24, 0],
        [0, 0, 20, 22, 0, 0],
        [0, 25, 0, 0, 24, 0],
        [0, 0, 26, 0, 6, 28],
        [0, 0, 0, 27, 29, 28],
        [32, 33, 0, 0, 0, 7],
        [0, 0, 26, 27, 6, 0],
        [30, 0, 0, 0, 6, 7],
        [0, 31, 0, 0, 6, 28],
        [32, 0, 0, 0, 29, 7],
        [0, 33, 0, 0, 29, 28]] 
)
);