_RWS.mult := rec(
        isFSA := true,
        alphabet := rec(
                type := "product", 
                size := 48,
                arity := 2,
                padding := _,
                base := rec( 
                type := "identifiers",
                size := 6, 
                format := "dense",
                names := [a,A,b,B,t0,T0]
                ) 
                ),
        states := rec(
        type :="labeled",
        size := 10,
        labels := rec( 
                type := "list of words",
                size := 1,
                alphabet := [a,A,b,B,t0,T0],
                format := "sparse",
                names := [ 
                [1,[IdWord]],
                [2,[A]],
                [3,[a]],
                [4,[B]],
                [5,[b]],
                [6,[T0]],
                [7,[t0]]
                ]
                ),
                format := "sparse",
                setToLabels := [ 
                [10,7]
                ]
                ),
        flags := ["DFA"],
        initial := [1],
        accepting := [10],
        table := rec(
        format := "dense deterministic",
        numTransitions := 50,
        transitions := 
[        [8, 0, 0, 0, 0, 0, 0, 0, 9, 0, 0, 0, 0, 0, 0, 0, 7, 0, 0, 0, 0, 0, 0, 0, 2, 0, 0, 0, 0, 0, 0, 0, 6, 0, 0, 0, 0, 0, 0, 0, 5, 10, 0, 0, 0, 0, 10, 0],
        [0, 0, 0, 0, 0, 0, 0, 0, 0, 0, 0, 0, 0, 0, 0, 0, 0, 0, 0, 0, 0, 0, 0, 0, 2, 0, 0, 0, 0, 0, 0, 0, 6, 0, 0, 0, 0, 0, 0, 0, 5, 10, 0, 0, 0, 0, 10, 0],
        [3, 0, 0, 0, 0, 0, 0, 0, 0, 0, 0, 0, 0, 0, 0, 0, 0, 0, 0, 0, 0, 0, 0, 0, 0, 0, 0, 0, 0, 0, 0, 0, 6, 0, 0, 0, 0, 0, 0, 0, 5, 10, 0, 0, 0, 0, 10, 0],
        [0, 0, 0, 0, 0, 0, 0, 0, 4, 0, 0, 0, 0, 0, 0, 0, 0, 0, 0, 0, 0, 0, 0, 0, 0, 0, 0, 0, 0, 0, 0, 0, 6, 0, 0, 0, 0, 0, 0, 0, 5, 10, 0, 0, 0, 0, 10, 0],
        [3, 0, 0, 0, 0, 0, 0, 0, 4, 0, 0, 0, 0, 0, 0, 0, 0, 0, 0, 0, 0, 0, 0, 0, 0, 0, 0, 0, 0, 0, 0, 0, 0, 0, 0, 0, 0, 0, 0, 0, 5, 10, 0, 0, 0, 0, 0, 0],
        [0, 0, 0, 0, 0, 0, 0, 0, 0, 0, 0, 0, 0, 0, 0, 0, 7, 0, 0, 0, 0, 0, 0, 0, 2, 0, 0, 0, 0, 0, 0, 0, 6, 0, 0, 0, 0, 0, 0, 0, 0, 0, 0, 0, 0, 0, 10, 0],
        [0, 0, 0, 0, 0, 0, 0, 0, 0, 0, 0, 0, 0, 0, 0, 0, 7, 0, 0, 0, 0, 0, 0, 0, 0, 0, 0, 0, 0, 0, 0, 0, 6, 0, 0, 0, 0, 0, 0, 0, 5, 10, 0, 0, 0, 0, 10, 0],
        [8, 0, 0, 0, 0, 0, 0, 0, 0, 0, 0, 0, 0, 0, 0, 0, 7, 0, 0, 0, 0, 0, 0, 0, 2, 0, 0, 0, 0, 0, 0, 0, 6, 0, 0, 0, 0, 0, 0, 0, 5, 10, 0, 0, 0, 0, 10, 0],
        [0, 0, 0, 0, 0, 0, 0, 0, 9, 0, 0, 0, 0, 0, 0, 0, 7, 0, 0, 0, 0, 0, 0, 0, 2, 0, 0, 0, 0, 0, 0, 0, 6, 0, 0, 0, 0, 0, 0, 0, 5, 10, 0, 0, 0, 0, 10, 0],
        [0, 0, 0, 0, 0, 0, 0, 0, 0, 0, 0, 0, 0, 0, 0, 0, 0, 0, 0, 0, 0, 0, 0, 0, 0, 0, 0, 0, 0, 0, 0, 0, 0, 0, 0, 0, 0, 0, 0, 0, 0, 0, 0, 0, 0, 0, 0, 0]] 
)
);