_RWS_concat := rec(
           isFSA := true,
        alphabet := rec(
                type := "identifiers",
                size := 8,
              format := "dense",
               names := [a,A,b,B,c,C,t0,T0]
               ),
          states := rec(
                type := "simple",
                size := 130
               ),
           flags := ["DFA","minimized","BFS","accessible","trim"],
         initial := [1],
       accepting := [2,3,4,5,6,7,8,9,10,11,12,13,14,15,16,17,18,19,20,21,22,
                     23,24,25,26,27,28,29,30,31,32,33,34,35,36,37,38,39,40,
                     41,42,43,44,45,46,47,48,49,50,51,52,53,54,55,56,57,58,
                     59,60,61,62,63,64,65,66,67,68,69,70,71,72,73,74,75,76,
                     77,78,79,80,81,82,83,84,85,86,87,88,89,90,91,92,93,94,
                     95,96,97,98,99,100,101,102,103,104,105,106,107,108,109,
                     110,111,112,113,114,115,116,117,118,119,120,121,122,123,
                     124,125,126,127,128,129,130],
           table := rec(
              format := "dense deterministic",
      numTransitions := 501,
         transitions := [
[0,0,0,0,0,0,0,2],
[0,0,0,0,3,4,0,0],
[5,6,7,8,3,0,0,0],
[9,10,11,12,0,4,0,0],
[13,0,14,15,0,0,0,0],
[0,6,16,17,3,0,0,0],
[18,19,20,0,0,0,0,0],
[21,22,0,8,3,0,0,0],
[9,0,23,24,0,4,0,0],
[0,25,14,15,0,0,0,0],
[26,27,11,0,0,4,0,0],
[28,29,0,30,0,0,0,0],
[13,0,16,17,31,0,0,0],
[32,33,34,0,35,36,0,0],
[37,38,0,39,40,41,0,0],
[32,33,42,0,43,36,0,0],
[37,38,0,17,3,44,0,0],
[45,0,0,0,31,46,0,0],
[0,47,48,0,49,50,0,0],
[51,52,20,0,35,0,0,0],
[53,0,0,54,55,46,0,0],
[0,56,0,0,3,57,0,0],
[32,33,23,0,58,4,0,0],
[37,38,0,59,40,60,0,0],
[0,25,23,24,0,50,0,0],
[61,0,0,0,62,4,0,0],
[0,63,48,0,49,64,0,0],
[65,0,0,54,31,46,0,0],
[0,66,0,0,49,50,0,0],
[67,68,0,30,0,41,0,0],
[0,0,7,8,55,0,0,0],
[69,0,0,0,3,4,0,0],
[0,33,48,0,3,4,0,0],
[32,33,34,0,58,36,0,0],
[70,71,0,0,43,0,0,0],
[72,73,74,0,0,36,0,0],
[37,0,0,54,3,4,0,0],
[0,75,0,0,3,4,0,0],
[37,38,0,39,40,44,0,0],
[76,77,0,78,40,0,0,0],
[79,80,0,0,0,60,0,0],
[32,33,42,0,3,36,0,0],
[81,82,7,0,43,0,0,0],
[72,73,11,0,0,4,0,0],
[45,0,83,0,62,46,0,0],
[84,0,11,12,0,46,0,0],
[0,47,48,0,49,57,0,0],
[32,33,48,0,3,4,0,0],
[0,85,7,8,49,0,0,0],
[0,0,11,12,0,64,0,0],
[86,0,0,0,55,46,0,0],
[0,52,48,0,3,57,0,0],
[53,0,0,54,3,46,0,0],
[37,38,0,54,3,4,0,0],
[5,0,7,8,55,0,0,0],
[0,56,0,87,3,57,0,0],
[9,0,11,12,0,4,0,0],
[76,77,0,8,3,0,0,0],
[37,38,0,59,40,4,0,0],
[88,89,0,12,0,60,0,0],
[61,0,83,0,62,4,0,0],
[0,6,7,8,3,0,0,0],
[0,63,48,0,49,4,0,0],
[0,10,11,12,0,64,0,0],
[65,0,0,54,62,46,0,0],
[0,66,0,87,49,57,0,0],
[67,0,0,54,62,4,0,0],
[0,90,0,0,49,64,0,0],
[69,0,83,0,3,4,0,0],
[91,0,92,93,0,0,0,0],
[0,94,95,96,3,0,0,0],
[97,0,98,99,0,4,0,0],
[0,100,14,101,0,0,0,0],
[26,27,74,0,0,36,0,0],
[0,75,0,87,3,4,0,0],
[102,0,103,15,0,0,0,0],
[0,104,95,105,3,0,0,0],
[21,22,0,78,40,0,0,0],
[106,0,107,99,0,4,0,0],
[0,108,109,110,0,0,0,0],
[111,0,112,93,0,0,0,0],
[0,82,16,113,3,0,0,0],
[0,0,114,0,3,4,0,0],
[84,0,23,24,0,46,0,0],
[0,85,16,17,49,0,0,0],
[86,0,83,0,3,46,0,0],
[0,0,0,115,3,4,0,0],
[88,0,116,24,0,4,0,0],
[0,117,109,118,0,0,0,0],
[0,90,0,87,49,4,0,0],
[91,0,119,120,31,0,0,0],
[0,0,121,0,35,36,0,0],
[122,0,0,123,40,41,0,0],
[0,94,95,113,3,0,0,0],
[0,124,125,0,43,36,0,0],
[0,0,0,105,3,44,0,0],
[97,0,23,99,0,4,0,0],
[32,0,98,0,58,4,0,0],
[122,0,0,126,40,60,0,0],
[0,100,23,127,0,50,0,0],
[37,0,0,39,40,41,0,0],
[102,0,119,17,31,0,0,0],
[0,33,34,0,35,36,0,0],
[0,104,95,17,3,0,0,0],
[0,38,0,105,3,44,0,0],
[106,0,116,99,0,4,0,0],
[0,0,98,0,58,4,0,0],
[0,108,128,127,0,50,0,0],
[0,124,129,0,35,36,0,0],
[0,0,0,130,40,41,0,0],
[111,0,16,120,31,0,0,0],
[32,0,121,0,35,36,0,0],
[37,0,0,17,3,44,0,0],
[32,0,114,0,3,4,0,0],
[0,38,0,115,3,4,0,0],
[0,33,23,0,58,4,0,0],
[0,117,128,24,0,50,0,0],
[0,38,0,130,40,41,0,0],
[0,33,42,0,43,36,0,0],
[122,0,0,120,3,44,0,0],
[32,0,121,0,58,36,0,0],
[122,0,0,122,3,4,0,0],
[122,0,0,123,40,44,0,0],
[0,124,124,0,3,4,0,0],
[0,124,125,0,3,36,0,0],
[122,0,0,126,40,4,0,0],
[37,0,0,59,40,60,0,0],
[0,124,128,0,58,4,0,0],
[0,124,129,0,58,36,0,0],
[0,38,0,130,40,44,0,0] 
                        ]
               )
);
