_RWS_concat := rec(
           isFSA := true,
        alphabet := rec(
                type := "identifiers",
                size := 8,
              format := "dense",
               names := [a,A,b,B,c,C,t0,T0]
               ),
          states := rec(
                type := "simple",
                size := 132
               ),
           flags := ["DFA","minimized","BFS","accessible","trim"],
         initial := [1],
       accepting := [1..132],
           table := rec(
              format := "dense deterministic",
      numTransitions := 780,
         transitions := [
[2,3,4,5,6,7,8,8],
[2,0,4,5,6,7,8,8],
[0,3,4,5,6,7,8,8],
[9,10,4,0,6,7,8,8],
[11,12,0,5,6,7,8,8],
[13,14,15,16,6,0,8,8],
[17,18,19,20,0,7,8,8],
[0,0,0,0,6,7,8,8],
[21,0,0,0,6,7,8,8],
[0,10,4,0,6,7,8,8],
[11,0,0,5,6,7,8,8],
[0,22,0,0,6,7,8,8],
[23,0,24,25,0,0,8,8],
[0,14,26,27,6,0,8,8],
[28,29,30,0,0,0,8,8],
[31,32,0,16,6,0,8,8],
[17,0,33,34,0,7,8,8],
[0,35,24,25,0,0,8,8],
[36,37,19,0,0,7,8,8],
[38,39,0,40,0,0,8,8],
[21,0,41,0,6,7,8,8],
[0,22,0,42,6,7,8,8],
[23,0,26,27,43,0,8,8],
[9,10,44,0,45,46,8,8],
[11,12,0,47,48,49,8,8],
[9,10,50,0,51,46,8,8],
[11,12,0,27,6,52,8,8],
[53,0,0,0,43,54,8,8],
[0,55,4,0,56,57,8,8],
[58,59,30,0,45,0,8,8],
[60,0,0,5,61,54,8,8],
[0,62,0,0,6,63,8,8],
[9,10,33,0,64,7,8,8],
[11,12,0,65,48,66,8,8],
[0,35,33,34,0,57,8,8],
[67,0,0,0,68,7,8,8],
[0,69,4,0,56,70,8,8],
[71,0,0,5,43,54,8,8],
[0,72,0,0,56,57,8,8],
[73,74,0,40,0,49,8,8],
[0,0,75,0,6,7,8,8],
[0,0,0,76,6,7,8,8],
[0,0,15,16,61,0,8,8],
[9,10,44,0,64,46,8,8],
[77,78,0,0,51,0,8,8],
[79,80,81,0,0,46,8,8],
[11,12,0,47,48,52,8,8],
[82,83,0,84,48,0,8,8],
[85,86,0,0,0,66,8,8],
[9,10,50,0,6,46,8,8],
[87,88,15,0,51,0,8,8],
[79,80,19,0,0,7,8,8],
[53,0,41,0,68,54,8,8],
[89,0,19,20,0,54,8,8],
[0,55,4,0,56,63,8,8],
[0,90,15,16,56,0,8,8],
[0,0,19,20,0,70,8,8],
[91,0,0,0,61,54,8,8],
[0,59,4,0,6,63,8,8],
[60,0,0,5,6,54,8,8],
[13,0,15,16,61,0,8,8],
[0,62,0,42,6,63,8,8],
[17,0,19,20,0,7,8,8],
[82,83,0,16,6,0,8,8],
[11,12,0,65,48,7,8,8],
[92,93,0,20,0,66,8,8],
[67,0,41,0,68,7,8,8],
[0,14,15,16,6,0,8,8],
[0,69,4,0,56,7,8,8],
[0,18,19,20,0,70,8,8],
[71,0,0,5,68,54,8,8],
[0,72,0,42,56,63,8,8],
[73,0,0,5,68,7,8,8],
[0,94,0,0,56,70,8,8],
[9,0,75,0,6,7,8,8],
[0,12,0,76,6,7,8,8],
[95,0,96,97,0,0,8,8],
[0,98,99,100,6,0,8,8],
[101,0,102,103,0,7,8,8],
[0,104,24,105,0,0,8,8],
[36,37,81,0,0,46,8,8],
[106,0,107,25,0,0,8,8],
[0,108,99,109,6,0,8,8],
[31,32,0,84,48,0,8,8],
[110,0,111,103,0,7,8,8],
[0,112,113,114,0,0,8,8],
[115,0,116,97,0,0,8,8],
[0,88,26,117,6,0,8,8],
[89,0,33,34,0,54,8,8],
[0,90,26,27,56,0,8,8],
[91,0,41,0,6,54,8,8],
[92,0,118,34,0,7,8,8],
[0,119,113,120,0,0,8,8],
[0,94,0,42,56,7,8,8],
[95,0,121,122,43,0,8,8],
[0,0,123,0,45,46,8,8],
[124,0,0,125,48,49,8,8],
[0,98,99,117,6,0,8,8],
[0,126,127,0,51,46,8,8],
[0,0,0,109,6,52,8,8],
[101,0,33,103,0,7,8,8],
[9,0,102,0,64,7,8,8],
[124,0,0,128,48,66,8,8],
[0,104,33,129,0,57,8,8],
[11,0,0,47,48,49,8,8],
[106,0,121,27,43,0,8,8],
[0,10,44,0,45,46,8,8],
[0,108,99,27,6,0,8,8],
[0,12,0,109,6,52,8,8],
[110,0,118,103,0,7,8,8],
[0,0,102,0,64,7,8,8],
[0,112,130,129,0,57,8,8],
[0,126,131,0,45,46,8,8],
[0,0,0,132,48,49,8,8],
[115,0,26,122,43,0,8,8],
[9,0,123,0,45,46,8,8],
[11,0,0,27,6,52,8,8],
[0,10,33,0,64,7,8,8],
[0,119,130,34,0,57,8,8],
[0,12,0,132,48,49,8,8],
[0,10,50,0,51,46,8,8],
[124,0,0,122,6,52,8,8],
[9,0,123,0,64,46,8,8],
[124,0,0,124,6,7,8,8],
[124,0,0,125,48,52,8,8],
[0,126,126,0,6,7,8,8],
[0,126,127,0,6,46,8,8],
[124,0,0,128,48,7,8,8],
[11,0,0,65,48,66,8,8],
[0,126,130,0,64,7,8,8],
[0,126,131,0,64,46,8,8],
[0,12,0,132,48,52,8,8] 
                        ]
               )
);
