_RWS_concat_concat_or := rec(
           isFSA := true,
        alphabet := rec(
                type := "identifiers",
                size := 18,
              format := "dense",
               names := [a,A,b,B,c,C,d,D,g,G,h,H,t1,T1,t2,T2,t0,T0]
               ),
          states := rec(
                type := "simple",
                size := 14
               ),
           flags := ["DFA","minimized","BFS","accessible","trim"],
         initial := [1],
       accepting := [8],
           table := rec(
              format := "dense deterministic",
      numTransitions := 252,
         transitions := [[1,1,1,1,1,1,1,1,1,1,1,1,2,3,2,2,4,5],
                         [1,1,1,1,1,1,6,7,1,1,1,1,8,3,2,2,8,5],
                         [1,1,9,10,1,1,1,1,1,1,1,1,2,8,8,8,8,8],
                         [1,1,1,1,11,12,1,1,1,1,1,1,8,3,2,2,8,5],
                         [1,1,1,1,1,1,1,1,1,1,13,14,8,8,8,8,4,8],
                         [1,1,1,1,1,1,6,1,1,1,1,1,8,3,2,2,8,5],
                         [1,1,1,1,1,1,1,7,1,1,1,1,8,3,2,2,8,5],
                         [8,8,8,8,8,8,8,8,8,8,8,8,8,8,8,8,8,8],
                         [1,1,9,1,1,1,1,1,1,1,1,1,2,8,8,8,8,8],
                         [1,1,1,10,1,1,1,1,1,1,1,1,2,8,8,8,8,8],
                         [1,1,1,1,11,1,1,1,1,1,1,1,8,3,2,2,8,5],
                         [1,1,1,1,1,12,1,1,1,1,1,1,8,3,2,2,8,5],
                         [1,1,1,1,1,1,1,1,1,1,13,1,8,8,8,8,4,8],
                         [1,1,1,1,1,1,1,1,1,1,1,14,8,8,8,8,4,8] 
                        ]
               )
);
