_RWS_concat_concat_or_or_or_or_or := rec(
           isFSA := true,
        alphabet := rec(
                type := "identifiers",
                size := 18,
              format := "dense",
               names := [a,A,b,B,c,C,d,D,g,G,h,H,t1,T1,t2,T2,t0,T0]
               ),
          states := rec(
                type := "simple",
                size := 19
               ),
           flags := ["DFA","minimized","BFS","accessible","trim"],
         initial := [1],
       accepting := [7,8,9,12,13],
           table := rec(
              format := "dense deterministic",
      numTransitions := 342,
         transitions := [[2,3,4,5,6,6,6,6,6,6,6,6,7,8,8,8,8,8],
                         [2,6,4,5,6,6,6,6,6,6,6,6,7,8,8,8,8,8],
                         [6,3,4,5,6,6,6,6,6,6,6,6,7,8,8,8,8,8],
                         [6,6,4,6,6,6,6,6,6,6,6,6,7,8,8,8,8,8],
                         [6,6,6,5,6,6,6,6,6,6,6,6,7,8,8,8,8,8],
                         [6,6,6,6,6,6,6,6,6,6,6,6,7,9,10,11,12,13],
                         [6,6,6,6,6,6,14,15,6,6,6,6,8,8,10,11,8,13],
                         [8,8,8,8,8,8,8,8,8,8,8,8,8,8,8,8,8,8],
                         [6,6,4,5,6,6,6,6,6,6,6,6,8,8,8,8,8,8],
                         [6,6,6,6,6,6,14,15,6,6,6,6,8,9,10,8,8,13],
                         [6,6,6,6,6,6,14,15,6,6,6,6,8,9,8,11,8,13],
                         [6,6,6,6,16,17,6,6,6,6,6,6,8,9,10,11,8,8],
                         [6,6,6,6,6,6,6,6,6,6,18,19,8,8,8,8,8,8],
                         [6,6,6,6,6,6,14,6,6,6,6,6,8,9,10,11,8,13],
                         [6,6,6,6,6,6,6,15,6,6,6,6,8,9,10,11,8,13],
                         [6,6,6,6,16,6,6,6,6,6,6,6,8,9,10,11,8,13],
                         [6,6,6,6,6,17,6,6,6,6,6,6,8,9,10,11,8,13],
                         [6,6,6,6,6,6,6,6,6,6,18,6,8,8,8,8,12,8],
                         [6,6,6,6,6,6,6,6,6,6,6,19,8,8,8,8,12,8] 
                        ]
               )
);
