_RWS_concat := rec(
           isFSA := true,
        alphabet := rec(
                type := "identifiers",
                size := 18,
              format := "dense",
               names := [a,A,b,B,c,C,d,D,g,G,h,H,t1,T1,t2,T2,t0,T0]
               ),
          states := rec(
                type := "simple",
                size := 15
               ),
           flags := ["DFA","minimized","BFS","accessible","trim"],
         initial := [1],
       accepting := [1..15],
           table := rec(
              format := "dense deterministic",
      numTransitions := 116,
         transitions := [[2,3,4,5,0,0,0,0,0,0,0,0,6,7,6,6,8,9],
                         [2,0,4,5,0,0,0,0,0,0,0,0,6,7,6,6,8,9],
                         [0,3,4,5,0,0,0,0,0,0,0,0,6,7,6,6,8,9],
                         [0,0,4,0,0,0,0,0,0,0,0,0,6,7,6,6,8,9],
                         [0,0,0,5,0,0,0,0,0,0,0,0,6,7,6,6,8,9],
                         [0,0,0,0,0,0,10,11,0,0,0,0,6,7,6,6,8,9],
                         [0,0,4,5,0,0,0,0,0,0,0,0,6,7,6,6,8,9],
                         [0,0,0,0,12,13,0,0,0,0,0,0,6,7,6,6,8,9],
                         [0,0,0,0,0,0,0,0,0,0,14,15,6,7,6,6,8,9],
                         [0,0,0,0,0,0,10,0,0,0,0,0,6,7,6,6,8,9],
                         [0,0,0,0,0,0,0,11,0,0,0,0,6,7,6,6,8,9],
                         [0,0,0,0,12,0,0,0,0,0,0,0,6,7,6,6,8,9],
                         [0,0,0,0,0,13,0,0,0,0,0,0,6,7,6,6,8,9],
                         [0,0,0,0,0,0,0,0,0,0,14,0,6,7,6,6,8,9],
                         [0,0,0,0,0,0,0,0,0,0,0,15,6,7,6,6,8,9] 
                        ]
               )
);
